Date, Close/Last, Volume, Open, High, Low
7/17/20,"$1,500.84 ",9329972,"$1,513.45 ","$1,537.51 ","$1,490 "
7/16/20,"$1,500.64 ",14300790,"$1,477.16 ","$1,531.71 ","$1,466 "
7/15/20,"$1,546.01 ",16367830,"$1,543 ","$1,550 ","$1,457 "
7/14/20,"$1,516.80 ",23418140,"$1,556 ","$1,590 ","$1,431 "
7/13/20,"$1,497.06 ",38985360,"$1,659 ","$1,794.99 ","$1,471.11 "
7/10/20,"$1,544.65 ",23337550,"$1,396 ","$1,548.92 ","$1,376.01 "
7/9/20,"$1,394.28 ",11717600,"$1,396.99 ","$1,408.56 ","$1,351.28 "
7/8/20,"$1,365.88 ",16311310,"$1,405 ","$1,417.26 ","$1,311.34 "
7/7/20,"$1,389.86 ",21489660,"$1,405.01 ","$1,429.50 ","$1,336.71 "
7/6/20,"$1,371.58 ",20569860,"$1,276.69 ","$1,377.79 ","$1,266.04 "
7/2/20,"$1,208.66 ",17250120,"$1,221.48 ","$1,228 ","$1,185.60 "
7/1/20,"$1,119.63 ",13326900,"$1,083 ","$1,135.33 ","$1,080.50 "
6/30/20,"$1,079.81 ",16918500,"$1,006.50 ","$1,087.69 ","$1,003.73 "
6/29/20,"$1,009.35 ",9026404,$969.01 ,"$1,010 ",$948.52 
6/26/20,$959.74 ,8854908,$994.78 ,$995 ,$954.87 
6/25/20,$985.98 ,9254549,$954.27 ,$985.98 ,$937.15 
6/24/20,$960.85 ,10959590,$994.11 ,"$1,000.88 ",$953.14 
6/23/20,"$1,001.78 ",6365271,$998.88 ,"$1,012 ",$994.01 
6/22/20,$994.32 ,6362350,$999.95 ,"$1,008.88 ",$990.02 
6/19/20,"$1,000.90 ",8679749,"$1,012.78 ","$1,015.97 ",$991.34 
6/18/20,"$1,003.96 ",9751936,"$1,003 ","$1,019.20 ",$994.47 
6/17/20,$991.79 ,9890800,$987.71 ,"$1,005 ",$982.57 
6/16/20,$982.13 ,14051080,"$1,011.85 ","$1,012.88 ",$962.39 
6/15/20,$990.90 ,15697180,$917.79 ,$998.84 ,$908.50 
6/12/20,$935.28 ,16763370,$980 ,$987.98 ,$912.60 
6/11/20,$972.84 ,15916480,$990.20 ,"$1,018.96 ",$972 
6/10/20,"$1,025.05 ",18563410,$991.88 ,"$1,027.48 ",$982.50 
6/9/20,$940.67 ,11388150,$940.01 ,$954.44 ,$923.93 
6/8/20,$949.92 ,14174730,$919 ,$950 ,$909.16 
6/5/20,$885.66 ,7811917,$877.84 ,$886.52 ,$866.20 
6/4/20,$864.38 ,8887713,$889.88 ,$895.75 ,$858.44 
6/3/20,$882.96 ,7949469,$888.12 ,$897.94 ,$880.10 
6/2/20,$881.56 ,13565600,$894.70 ,$908.66 ,$871 
6/1/20,$898.10 ,15085300,$858 ,$899 ,$854.10 
5/29/20,$835 ,11812490,$808.75 ,$835 ,$804.21 
5/28/20,$805.81 ,7275774,$813.51 ,$824.75 ,$801.69 
5/27/20,$820.23 ,11549530,$820.86 ,$827.71 ,$785 
5/26/20,$818.87 ,8089736,$834.50 ,$834.60 ,$815.71 
5/22/20,$816.88 ,9987475,$822.17 ,$831.78 ,$812 
5/21/20,$827.60 ,12254580,$816 ,$832.50 ,$796 
5/20/20,$815.56 ,7309271,$820.50 ,$826 ,$811.80 
5/19/20,$808.01 ,9636522,$815.17 ,$822.07 ,$806.08 
5/18/20,$813.63 ,11698100,$827.78 ,$834.72 ,$803.88 
5/15/20,$799.17 ,10518430,$790.35 ,$805.05 ,$786.55 
5/14/20,$803.33 ,13682190,$780 ,$803.36 ,$764 
5/13/20,$790.96 ,19065490,$820.83 ,$826 ,$763.30 
5/12/20,$809.41 ,15906910,$827 ,$843.29 ,$808 
5/11/20,$811.29 ,16519600,$790.51 ,$824 ,$785 
5/8/20,$819.42 ,16130090,$793.77 ,$824 ,$787.01 
5/7/20,$780.04 ,11527690,$777.21 ,$796.40 ,$772.35 
5/6/20,$782.58 ,11123230,$776.50 ,$789.80 ,$761.11 
5/5/20,$768.21 ,16991660,$789.79 ,$798.92 ,$762.18 
5/4/20,$761.19 ,19237090,$701 ,$762 ,$698 
5/1/20,$701.32 ,32531810,$755 ,$772.77 ,$683.04 
4/30/20,$781.88 ,28471850,$855.19 ,$869.82 ,$763.50 
4/29/20,$800.51 ,16215980,$790.17 ,$803.20 ,$783.16 
4/28/20,$769.12 ,15221960,$795.64 ,$805 ,$756.69 
4/27/20,$798.75 ,20681440,$737.61 ,$799.49 ,$735 
4/24/20,$725.15 ,13237610,$710.81 ,$730.73 ,$698.18 
4/23/20,$705.63 ,13236700,$727.60 ,$734 ,$703.13 
4/22/20,$732.11 ,14224830,$703.98 ,$734 ,$688.71 
4/21/20,$686.72 ,20209090,$730.12 ,$753.33 ,$673.79 
4/20/20,$746.36 ,14746370,$732.70 ,$765.57 ,$712.21 
4/17/20,$753.89 ,13128230,$772.28 ,$774.95 ,$747.66 
4/16/20,$745.21 ,20657860,$716.94 ,$759.45 ,$706.72 
4/15/20,$729.83 ,23577000,$742 ,$753.13 ,$710 
4/14/20,$709.89 ,30576510,$698.97 ,$741.88 ,$692.43 
4/13/20,$650.95 ,22475420,$590.16 ,$652 ,$580.53 
4/9/20,$573 ,13650000,$562.09 ,$575.18 ,$557.11 
4/8/20,$548.84 ,12656020,$554.20 ,$557.21 ,$533.33 
4/7/20,$545.45 ,17919780,$545 ,$565 ,$532.34 
4/6/20,$516.24 ,14901840,$511.20 ,$521 ,$497.96 
4/3/20,$480.01 ,22562080,$509.50 ,$515.49 ,$468.39 
4/2/20,$454.47 ,19858430,$481.03 ,$494.26 ,$446.40 
4/1/20,$481.56 ,13353180,$504 ,$513.95 ,$475.10 
3/31/20,$524 ,17771490,$501.25 ,$542.96 ,$497 
3/30/20,$502.13 ,11998070,$510.26 ,$516.65 ,$491.23 
3/27/20,$514.36 ,14377410,$505 ,$525.80 ,$494.03 
3/26/20,$528.16 ,17422080,$547.39 ,$560 ,$512.25 
3/25/20,$539.25 ,21222750,$545.25 ,$557 ,$511.11 
3/24/20,$505 ,22895170,$477.30 ,$513.69 ,$474 
3/23/20,$434.29 ,16454550,$433.60 ,$442.00 ,$410.50 
3/20/20,$427.53 ,28285500,$438.20 ,$477 ,$425.79 
3/19/20,$427.64 ,30195460,$374.70 ,$452 ,$358.46 
3/18/20,$361.22 ,23786160,$389 ,$404.86 ,$350.51 
3/17/20,$430.20 ,23994580,$440.01 ,$471.85 ,$396 
3/16/20,$445.07 ,20489460,$469.50 ,$494.87 ,$442.17 
3/13/20,$546.62 ,22640250,$595 ,$607.57 ,$502 
3/12/20,$560.55 ,18909050,$580.89 ,$594.50 ,$546.25 
3/11/20,$634.23 ,13413590,$640.20 ,$653.58 ,$613 
3/10/20,$645.33 ,15594440,$659.43 ,$668 ,$608 
3/9/20,$608 ,17073740,$605.39 ,$663.00 ,$605 
3/6/20,$703.48 ,12662920,$690.00 ,$707 ,$684.27 
3/5/20,$724.54 ,10852660,$723.77 ,$745.75 ,$718.07 
3/4/20,$749.50 ,15048980,$763.96 ,$766.52 ,$724.73 
3/3/20,$745.51 ,25784000,$805 ,$806.98 ,$716.11 
3/2/20,$743.62 ,20194990,$711.26 ,$743.69 ,$686.67 
2/28/20,$667.99 ,24564170,$629.70 ,$690.52 ,$611.52 
2/27/20,$679 ,24277160,$730 ,$739.77 ,$669 
2/26/20,$778.80 ,14153840,$782.50 ,$813.31 ,$776.11 
2/25/20,$799.91 ,17290480,$849 ,$856.60 ,$787 
2/24/20,$833.79 ,15192160,$839 ,$863.50 ,$822.20 
2/21/20,$901 ,14339450,$906.98 ,$913.06 ,$880.45 
2/20/20,$899.41 ,17634890,$911.95 ,$912 ,$859.94 
2/19/20,$917.42 ,25422960,$923.50 ,$944.78 ,$901.02 
2/18/20,$858.40 ,16698370,$841.60 ,$860 ,$832.36 
2/14/20,$800.03 ,15693710,$787.22 ,$812.97 ,$785.50 
2/13/20,$804 ,26289350,$741.84 ,$818 ,$735 
2/12/20,$767.29 ,12022470,$777.87 ,$789.75 ,$763.37 
2/11/20,$774.38 ,11697470,$768.79 ,$783.51 ,$758 
2/10/20,$771.28 ,24689160,$800 ,$819.99 ,$752.40 
2/7/20,$748.07 ,17063520,$730.55 ,$769.75 ,$730 
2/6/20,$748.96 ,39880750,$699.92 ,$795.83 ,$687 
2/5/20,$734.70 ,48423840,$823.26 ,$845.98 ,$704.11 
2/4/20,$887.06 ,60938760,$882.96 ,$968.99 ,$833.88 
2/3/20,$780 ,47233500,$673.69 ,$786.14 ,$673.52 
1/31/20,$650.57 ,15719270,$640 ,$653 ,$632.52 
1/30/20,$640.81 ,29005680,$632.42 ,$650.88 ,$618 
1/29/20,$580.99 ,18216670,$575.69 ,$589.80 ,$567.43 
1/28/20,$566.90 ,11788490,$568.49 ,$576.81 ,$558.08 
1/27/20,$558.02 ,13608070,$541.99 ,$564.44 ,$539.28 
1/24/20,$564.82 ,14353600,$570.63 ,$573.86 ,$554.26 
1/23/20,$572.20 ,19651040,$564.25 ,$582 ,$555.60 
1/22/20,$569.56 ,31369030,$571.89 ,$594.50 ,$559.10 
1/21/20,$547.20 ,17803470,$530.25 ,$548.58 ,$528.41 
1/17/20,$510.50 ,13629070,$507.61 ,$515.67 ,$503.16 
1/16/20,$513.49 ,21736650,$493.75 ,$514.46 ,$492.17 
1/15/20,$518.50 ,17368830,$529.76 ,$537.84 ,$516.79 
1/14/20,$537.92 ,29061380,$544.26 ,$547.41 ,$524.90 
1/13/20,$524.86 ,26634550,$493.50 ,$525.63 ,$492 
1/10/20,$478.15 ,12976830,$481.79 ,$484.94 ,$473.70 
1/9/20,$481.34 ,28463190,$497.10 ,$498.80 ,$472.87 
1/8/20,$492.14 ,31199390,$473.70 ,$498.49 ,$468.23 
1/7/20,$469.06 ,18209140,$461.40 ,$471.63 ,$453.36 
1/6/20,$451.54 ,10157500,$440.47 ,$451.56 ,$440 
1/3/20,$443.01 ,17794700,$440.50 ,$454 ,$436.92 
1/2/20,$430.26 ,9558386,$424.50 ,$430.70 ,$421.71 
12/31/19,$418.33 ,10292460,$405 ,$421.29 ,$402.08 
12/30/19,$414.70 ,12601270,$428.79 ,$429 ,$409.26 
12/27/19,$430.38 ,9956827,$435 ,$435.31 ,$426.11 
12/26/19,$430.94 ,10648290,$427.91 ,$433.48 ,$426.35 
12/24/19,$425.25 ,8054720,$418.36 ,$425.47 ,$412.69 
12/23/19,$419.22 ,13332820,$411.78 ,$422.01 ,$410 
12/20/19,$405.59 ,14785210,$410.29 ,$413 ,$400.19 
12/19/19,$404.04 ,18120310,$397.32 ,$406.85 ,$396.50 
12/18/19,$393.15 ,14136390,$380.63 ,$395.22 ,$380.58 
12/17/19,$378.99 ,8503775,$378.99 ,$385.50 ,$375.90 
12/16/19,$381.50 ,18220940,$362.55 ,$383.61 ,$362.50 
12/13/19,$358.39 ,6574281,$361.05 ,$365.21 ,$354.64 
12/12/19,$359.68 ,7776211,$354.92 ,$362.74 ,$353.23 
12/11/19,$352.70 ,6919162,$351.88 ,$357.19 ,$351.09 
12/10/19,$348.84 ,8839951,$339.96 ,$350.73 ,$339.31 
12/9/19,$339.53 ,9040217,$336.59 ,$344.45 ,$335.08 
12/6/19,$335.89 ,7618937,$335 ,$338.86 ,$334.77 
12/5/19,$330.37 ,3736976,$332.83 ,$334.42 ,$327.25 
12/4/19,$333.03 ,5536255,$337.75 ,$337.86 ,$332.85 
12/3/19,$336.20 ,6613476,$332.62 ,$337.91 ,$332.19 
12/2/19,$334.87 ,6081986,$329.40 ,$336.38 ,$328.69 
11/29/19,$329.94 ,2465629,$331.11 ,$331.26 ,$327.50 
11/27/19,$331.29 ,5563459,$331.12 ,$333.93 ,$328.57 
11/26/19,$328.92 ,7956239,$335.27 ,$335.50 ,$327.10 
11/25/19,$336.34 ,12345770,$344.32 ,$344.57 ,$334.46 
11/22/19,$333.04 ,16870640,$340.16 ,$341 ,$330 
11/21/19,$354.83 ,6110013,$354.51 ,$360.84 ,$354.00 
11/20/19,$352.22 ,6733965,$360 ,$361.20 ,$349.57 
11/19/19,$359.52 ,7736078,$351.75 ,$359.99 ,$347.80 
11/18/19,$349.99 ,4408505,$352.92 ,$353.15 ,$346.10 
11/15/19,$352.17 ,4812563,$350.64 ,$352.80 ,$348.36 
11/14/19,$349.35 ,6471703,$346.11 ,$353.84 ,$342.91 
11/13/19,$346.11 ,8467863,$355 ,$356.33 ,$345.18 
11/12/19,$349.93 ,7359383,$346.90 ,$350.37 ,$344.04 
11/11/19,$345.09 ,9993689,$343.95 ,$349.19 ,$342 
11/8/19,$337.14 ,6074221,$334.50 ,$337.46 ,$332.50 
11/7/19,$335.54 ,14467350,$329.14 ,$341.50 ,$328.02 
11/6/19,$326.58 ,7940932,$318 ,$326.72 ,$314.50 
11/5/19,$317.22 ,6943417,$319.62 ,$323.51 ,$316.12 
11/4/19,$317.47 ,8787040,$314.80 ,$321.94 ,$309.26 
11/1/19,$313.31 ,6383929,$316.32 ,$316.48 ,$309.80 
10/31/19,$314.92 ,5066956,$313.10 ,$319 ,$313 
10/30/19,$315.01 ,9641810,$313 ,$318.79 ,$309.97 
10/29/19,$316.22 ,12684270,$319.99 ,$324.30 ,$314.75 
10/28/19,$327.71 ,18870290,$327.54 ,$340.84 ,$322.60 
10/25/19,$328.13 ,30006090,$297.72 ,$330 ,$296.11 
10/24/19,$299.68 ,29819230,$298.37 ,$304.93 ,$289.20 
10/23/19,$254.68 ,11216180,$254.50 ,$256.14 ,$251.35 
10/22/19,$255.58 ,4625095,$254.32 ,$258.33 ,$250.85 
10/21/19,$253.50 ,5108101,$258.33 ,$259.50 ,$250.18 
10/18/19,$256.95 ,5753666,$260.70 ,$262.80 ,$255.10 
10/17/19,$261.97 ,4779043,$262.50 ,$264.78 ,$260.17 
10/16/19,$259.75 ,6704303,$257.39 ,$262.10 ,$256.92 
10/15/19,$257.89 ,6479456,$257.70 ,$260 ,$254.12 
10/14/19,$256.96 ,10226860,$247.90 ,$258.55 ,$247.13 
10/11/19,$247.89 ,8488159,$247.15 ,$251.08 ,$246.81 
10/10/19,$244.74 ,6313417,$245.28 ,$249.28 ,$241.58 
10/9/19,$244.53 ,6935033,$241.32 ,$247.30 ,$240.65 
10/8/19,$240.05 ,8702338,$235.87 ,$243.94 ,$234.50 
10/7/19,$237.72 ,8086957,$229.80 ,$238.56 ,$228.55 
10/4/19,$231.43 ,8021180,$231.61 ,$234.78 ,$228.07 
10/3/19,$233.03 ,15137760,$231.86 ,$234.48 ,$224.28 
10/2/19,$243.13 ,6256548,$243.29 ,$244.65 ,$239.43 
10/1/19,$244.69 ,6196290,$241.50 ,$245.95 ,$239.13 
9/30/19,$240.87 ,5946161,$243 ,$243.98 ,$236.11 
9/27/19,$242.13 ,11123180,$242.20 ,$248.71 ,$238.73 
9/26/19,$242.56 ,12078790,$230.66 ,$243.31 ,$227.40 
9/25/19,$228.70 ,9444286,$224.56 ,$228.98 ,$218.36 
9/24/19,$223.21 ,12941110,$241.52 ,$241.99 ,$222.61 
9/23/19,$241.23 ,4391630,$240 ,$245.18 ,$239.22 
9/20/19,$240.62 ,6506264,$246.49 ,$246.95 ,$238.16 
9/19/19,$246.60 ,4883135,$246 ,$247.94 ,$244.84 
9/18/19,$243.49 ,4228103,$245 ,$248.17 ,$242.37 
9/17/19,$244.79 ,3946909,$242.47 ,$245.60 ,$240.37 
9/16/19,$242.81 ,4728096,$246 ,$247.43 ,$241.17 
9/13/19,$245.20 ,5313145,$246.96 ,$248.45 ,$244.87 
9/12/19,$245.87 ,8581210,$247.70 ,$253.50 ,$244.40 
9/11/19,$247.10 ,10042780,$237.38 ,$248.17 ,$236 
9/10/19,$235.54 ,4883714,$230.80 ,$235.54 ,$228.94 
9/9/19,$231.79 ,4802669,$230 ,$233.76 ,$229.23 
9/6/19,$227.45 ,4189372,$227.20 ,$229.64 ,$225.17 
9/5/19,$229.58 ,7403322,$222.50 ,$229.80 ,$220.85 
9/4/19,$220.68 ,5768696,$226.89 ,$228.46 ,$219.21 
9/3/19,$225.01 ,5360546,$224.08 ,$228.95 ,$223.16 
8/30/19,$225.61 ,9327775,$229.15 ,$232.44 ,$224.21 
8/29/19,$221.71 ,5183104,$219 ,$223.40 ,$218 
8/28/19,$215.59 ,3238625,$213.69 ,$217.25 ,$212.31 
8/27/19,$214.08 ,5420727,$215.74 ,$218.80 ,$212.03 
8/26/19,$215 ,5054414,$213.60 ,$215.02 ,$211.54 
8/23/19,$211.40 ,8559704,$219.97 ,$221.17 ,$211 
8/22/19,$222.15 ,6564964,$222.80 ,$225.40 ,$218.22 
8/21/19,$220.83 ,7799744,$222.01 ,$223.22 ,$217.60 
8/20/19,$225.86 ,4170527,$227.62 ,$229.09 ,$224.54 
8/19/19,$226.83 ,5311748,$224.21 ,$227.83 ,$221.70 
8/16/19,$219.94 ,5207376,$216.66 ,$222.24 ,$216.02 
8/15/19,$215.64 ,8231952,$220.86 ,$221.56 ,$211.55 
8/14/19,$219.62 ,9562591,$231.21 ,$231.50 ,$216.69 
8/13/19,$235 ,4868998,$228.81 ,$236 ,$227.55 
8/12/19,$229.01 ,4663937,$232.99 ,$235.77 ,$228.75 
8/9/19,$235.01 ,3898244,$236.05 ,$238.96 ,$233.81 
8/8/19,$238.30 ,5274349,$234.45 ,$239.80 ,$232.65 
8/7/19,$233.42 ,4776500,$226.50 ,$233.57 ,$225.80 
8/6/19,$230.75 ,5564200,$231.88 ,$232.50 ,$225.75 
8/5/19,$228.32 ,7028279,$229.60 ,$231.37 ,$225.78 
8/2/19,$234.34 ,6136481,$231.35 ,$236.27 ,$229.23 
8/1/19,$233.85 ,8259516,$242.65 ,$244.51 ,$231.77 
7/31/19,$241.61 ,9178208,$243 ,$246.68 ,$236.65 
7/30/19,$242.26 ,8109014,$232.90 ,$243.36 ,$232.18 
7/29/19,$235.77 ,9273331,$227.09 ,$235.94 ,$226.03 
7/26/19,$228.04 ,10027700,$226.92 ,$230.26 ,$222.25 
7/25/19,$228.82 ,22418250,$233.50 ,$234.50 ,$225.55 
7/24/19,$264.88 ,11072840,$259.17 ,$266.07 ,$258.16 
7/23/19,$260.17 ,5023121,$256.71 ,$260.48 ,$254.50 
7/22/19,$255.68 ,6846273,$258.75 ,$262.16 ,$254.19 
7/19/19,$258.18 ,7048410,$255.69 ,$259.96 ,$254.62 
7/18/19,$253.54 ,4764483,$255.05 ,$255.75 ,$251.89 
7/17/19,$254.86 ,9764727,$255.67 ,$258.31 ,$253.35 
7/16/19,$252.38 ,8148989,$249.30 ,$253.53 ,$247.93 
7/15/19,$253.50 ,11000090,$248 ,$254.42 ,$244.86 
7/12/19,$245.08 ,9200521,$239.75 ,$245.38 ,$239.71 
7/11/19,$238.60 ,7514430,$238.14 ,$241.50 ,$235.80 
7/10/19,$238.92 ,9145736,$234.15 ,$238.94 ,$233.14 
7/9/19,$230.06 ,6190835,$228.97 ,$231 ,$227.28 
7/8/19,$230.34 ,5880542,$231.24 ,$232.25 ,$228.66 
7/5/19,$233.10 ,7065738,$234.57 ,$235.45 ,$230.80 
7/3/19,$234.90 ,14201150,$239.39 ,$241.57 ,$234.51 
7/2/19,$224.55 ,9259027,$228.89 ,$229.15 ,$222.22 
7/1/19,$227.17 ,8237964,$230.21 ,$233.10 ,$226.28 
6/28/19,$223.46 ,6851384,$220.99 ,$225.17 ,$220.80 
6/27/19,$222.84 ,6339710,$219.45 ,$222.90 ,$217.35 
6/26/19,$219.27 ,8507208,$220.31 ,$227.23 ,$218.10 
6/25/19,$219.76 ,6182071,$224.39 ,$225.34 ,$219.49 
6/24/19,$223.64 ,5750771,$223.24 ,$225.86 ,$221.02 
6/21/19,$221.86 ,8202078,$216.22 ,$222.18 ,$215.50 
6/20/19,$219.62 ,11863460,$223 ,$226.90 ,$216.35 
6/19/19,$226.43 ,6575135,$225.11 ,$227.77 ,$221.06 
6/18/19,$224.74 ,12715790,$228.72 ,$234.74 ,$222.56 
6/17/19,$225.03 ,12316800,$215.48 ,$227 ,$214.27 
6/14/19,$214.92 ,7433402,$211.25 ,$216.65 ,$210.40 
6/13/19,$213.91 ,8168260,$210.38 ,$214.90 ,$207.51 
6/12/19,$209.26 ,15197540,$222.95 ,$223.38 ,$209 
6/11/19,$217.10 ,11653540,$219.14 ,$220.90 ,$213.50 
6/10/19,$212.88 ,10585040,$210.25 ,$216.94 ,$209.01 
6/7/19,$204.50 ,16003530,$205 ,$210.84 ,$203.50 
6/6/19,$205.95 ,20242150,$204.44 ,$211 ,$201.80 
6/5/19,$196.59 ,13510760,$198.68 ,$201.28 ,$191.85 
6/4/19,$193.60 ,13807520,$181.10 ,$193.98 ,$179.61 
6/3/19,$178.97 ,13064410,$185.51 ,$186.68 ,$176.99 
5/31/19,$185.16 ,10406730,$185.10 ,$189.92 ,$184.10 
5/30/19,$188.22 ,7926475,$188.75 ,$192.26 ,$187.02 
5/29/19,$189.86 ,11968640,$187.10 ,$192.39 ,$185.04 
5/28/19,$188.70 ,10312900,$191.20 ,$195 ,$187.85 
5/24/19,$190.63 ,14136570,$199.83 ,$199.98 ,$188.75 
5/23/19,$195.49 ,26547140,$194.34 ,$199.47 ,$186.22 
5/22/19,$192.73 ,18685190,$199.10 ,$203.94 ,$191.78 
5/21/19,$205.08 ,18003900,$197.76 ,$207.40 ,$196.04 
5/20/19,$205.36 ,20526200,$202.80 ,$206 ,$195.25 
5/17/19,$211.03 ,17786670,$221.96 ,$222.24 ,$208.92 
5/16/19,$228.33 ,7483273,$229.49 ,$231 ,$226.50 
5/15/19,$231.95 ,7295976,$229.32 ,$232.44 ,$225.25 
5/14/19,$232.31 ,7252412,$229.30 ,$234.50 ,$228 
5/13/19,$227.01 ,10834800,$232.01 ,$232.47 ,$224.50 
5/10/19,$239.52 ,7008336,$239.75 ,$241.99 ,$236.02 
5/9/19,$241.98 ,6711382,$242 ,$243.68 ,$236.94 
5/8/19,$244.84 ,6176440,$246.94 ,$250.60 ,$244.20 
5/7/19,$247.06 ,10131410,$256.80 ,$257.21 ,$245.10 
5/6/19,$255.34 ,10833940,$250.02 ,$258.35 ,$248.50 
5/3/19,$255.03 ,23706770,$243.86 ,$256.61 ,$243.49 
5/2/19,$244.10 ,18159340,$245.52 ,$247.13 ,$237.72 
5/1/19,$234.01 ,10704350,$238.85 ,$240 ,$231.50 
4/30/19,$238.69 ,9446965,$242.06 ,$244.21 ,$237 
4/29/19,$241.47 ,16686620,$235.86 ,$243.98 ,$232.17 
4/26/19,$235.14 ,22151160,$246.50 ,$246.68 ,$231.13 
4/25/19,$247.63 ,21823380,$255 ,$259 ,$246.07 
4/24/19,$258.66 ,9657061,$263.85 ,$265.32 ,$258 
4/23/19,$263.90 ,10909350,$260.15 ,$265.60 ,$255.75 
4/22/19,$262.75 ,12101690,$269 ,$269.68 ,$262.48 
4/18/19,$273.26 ,5861478,$271.23 ,$274.84 ,$269.75 
4/17/19,$271.23 ,5118011,$274.75 ,$274.79 ,$268.54 
4/16/19,$273.36 ,7266504,$265.75 ,$275 ,$264.72 
4/15/19,$266.38 ,10032490,$268.63 ,$268.88 ,$258.63 
4/12/19,$267.70 ,6735386,$270.22 ,$271.95 ,$266.83 
4/11/19,$268.42 ,9781294,$268.30 ,$270.50 ,$265.60 
4/10/19,$276.06 ,7045034,$276.74 ,$278.38 ,$272.89 
4/9/19,$272.31 ,5893247,$271.65 ,$275 ,$269.61 
4/8/19,$273.20 ,10364600,$277.69 ,$281.16 ,$270.44 
4/5/19,$274.96 ,13022740,$269.86 ,$276.10 ,$266.11 
4/4/19,$267.78 ,23680170,$261.89 ,$271.20 ,$260.59 
4/3/19,$291.81 ,7916650,$287.32 ,$296.17 ,$287.17 
4/2/19,$285.88 ,5427184,$288.30 ,$289.44 ,$283.88 
4/1/19,$289.18 ,8093134,$282.62 ,$289.20 ,$281.28 
3/29/19,$279.86 ,5980355,$278.70 ,$280.16 ,$274.50 
3/28/19,$278.62 ,6764921,$277.16 ,$280.33 ,$275.10 
3/27/19,$274.83 ,8752384,$268.75 ,$275.37 ,$268.18 
3/26/19,$267.77 ,7341868,$264.44 ,$270.26 ,$264.43 
3/25/19,$260.42 ,10205080,$259.71 ,$263.18 ,$254.46 
3/22/19,$264.53 ,8721950,$272.58 ,$272.80 ,$264 
3/21/19,$274.02 ,5930925,$272.60 ,$276.45 ,$268.45 
3/20/19,$273.60 ,6881976,$269.69 ,$274.97 ,$266.30 
3/19/19,$267.47 ,11774330,$267.50 ,$273.30 ,$263.46 
3/18/19,$269.49 ,10264960,$276 ,$278.05 ,$267.30 
3/15/19,$275.43 ,14757360,$283.51 ,$283.72 ,$274.40 
3/14/19,$289.96 ,7048138,$292.45 ,$295.39 ,$288.29 
3/13/19,$288.96 ,6817854,$283.90 ,$291.99 ,$282.70 
3/12/19,$283.36 ,7488037,$286.49 ,$288.07 ,$281.06 
3/11/19,$290.92 ,7372298,$283.52 ,$291.28 ,$280.50 
3/8/19,$284.14 ,8805772,$276.91 ,$285.59 ,$275.89 
3/7/19,$276.59 ,9410697,$278.84 ,$284.70 ,$274.25 
3/6/19,$276.24 ,10319370,$276.48 ,$281.51 ,$274.39 
3/5/19,$276.54 ,18729800,$282 ,$284 ,$270.10 
3/4/19,$285.36 ,17068890,$298.12 ,$299 ,$282.78 
3/1/19,$294.79 ,22848750,$306.94 ,$307.13 ,$291.90 
2/28/19,$319.88 ,9666224,$318.92 ,$320 ,$310.81 
2/27/19,$314.74 ,11144100,$301.78 ,$316.30 ,$300.55 
2/26/19,$297.86 ,8571609,$292.22 ,$302.01 ,$288.77 
2/25/19,$298.77 ,6213701,$297.91 ,$302.90 ,$297.00 
2/22/19,$294.71 ,5731380,$294.49 ,$296.50 ,$292.10 
2/21/19,$291.23 ,8880830,$301.81 ,$303.24 ,$290.50 
2/20/19,$302.56 ,7132969,$304.41 ,$306.30 ,$299 
2/19/19,$305.64 ,4120520,$306.56 ,$311.54 ,$305.47 
2/15/19,$307.88 ,3895815,$304.50 ,$308 ,$303.90 
2/14/19,$303.77 ,5190887,$303.38 ,$306.77 ,$301 
2/13/19,$308.17 ,5130398,$312.35 ,$312.75 ,$305.57 
2/12/19,$311.81 ,5485419,$316.20 ,$318.19 ,$309.62 
2/11/19,$312.84 ,7114012,$311.60 ,$318.60 ,$310.50 
2/8/19,$305.80 ,5835078,$306.83 ,$307.45 ,$298.50 
2/7/19,$307.51 ,6511830,$313.30 ,$314.70 ,$303 
2/6/19,$317.22 ,5031368,$319.59 ,$324.24 ,$315.62 
2/5/19,$321.35 ,6734739,$312.49 ,$322.44 ,$312.25 
2/4/19,$312.89 ,7344076,$312.98 ,$315.30 ,$301.88 
2/1/19,$312.21 ,7263618,$305.42 ,$316.10 ,$303.50 
1/31/19,$307.02 ,12545190,$301 ,$311.56 ,$294 
1/30/19,$308.77 ,10594040,$300.45 ,$309 ,$298.49 
1/29/19,$297.46 ,4602933,$295.27 ,$298.56 ,$291.80 
1/28/19,$296.38 ,6409477,$292.91 ,$297.46 ,$287.75 
1/25/19,$297.04 ,7102781,$294.39 ,$298.52 ,$289.55 
1/24/19,$291.51 ,7990911,$283.03 ,$293.68 ,$279.28 
1/23/19,$287.59 ,12513080,$292.50 ,$294.50 ,$281.69 
1/22/19,$298.92 ,12052130,$304.82 ,$308 ,$295.50 
1/18/19,$302.26 ,24079260,$323 ,$327.13 ,$299.73 
1/17/19,$347.31 ,3661162,$346.21 ,$351.50 ,$344.15 
1/16/19,$346.05 ,4677227,$344.78 ,$352 ,$343.50 
1/15/19,$344.43 ,6047890,$335 ,$348.80 ,$334.50 
1/14/19,$334.40 ,5232690,$342.38 ,$342.50 ,$334 
1/11/19,$347.26 ,5035078,$342.09 ,$348.41 ,$338.77 
1/10/19,$344.97 ,6049621,$334.40 ,$345.39 ,$331.79 
1/9/19,$338.53 ,5426618,$335.50 ,$343.50 ,$331.47 
1/8/19,$335.35 ,6994427,$341.96 ,$344.01 ,$327.02 
1/7/19,$334.96 ,7542338,$321.72 ,$336.74 ,$317.75 
1/4/19,$317.69 ,7382755,$306 ,$318 ,$302.73 
1/3/19,$300.36 ,6948577,$307 ,$309.40 ,$297.38 
1/2/19,$310.12 ,11611270,$306.10 ,$315.13 ,$298.80 
12/31/18,$332.80 ,6294298,$337.79 ,$339.21 ,$325.26 
12/28/18,$333.87 ,9918777,$323.10 ,$336.24 ,$318.41 
12/27/18,$316.13 ,8567385,$319.84 ,$322.17 ,$301.50 
12/26/18,$326.09 ,8143102,$300 ,$326.97 ,$294.09 
12/24/18,$295.39 ,5559913,$313.50 ,$314.50 ,$295.20 
12/21/18,$319.77 ,7997219,$317.40 ,$323.47 ,$312.44 
12/20/18,$315.38 ,9049389,$327.05 ,$330.29 ,$311.87 
12/19/18,$332.97 ,8256374,$337.60 ,$347.01 ,$329.74 
12/18/18,$337.03 ,7084887,$350.54 ,$351.55 ,$333.69 
12/17/18,$348.42 ,7664832,$362 ,$365.70 ,$343.88 
12/14/18,$365.71 ,6327625,$375 ,$377.87 ,$364.33 
12/13/18,$376.79 ,7348168,$370.15 ,$377.44 ,$366.75 
12/12/18,$366.60 ,5019725,$369.42 ,$371.91 ,$365.16 
12/11/18,$366.76 ,6298472,$369.91 ,$372.17 ,$360.23 
12/10/18,$365.15 ,6575341,$360 ,$365.98 ,$353.12 
12/7/18,$357.97 ,11484350,$369 ,$379.49 ,$357.65 
12/6/18,$363.06 ,7828689,$356.01 ,$367.38 ,$350.76 
12/4/18,$359.70 ,8430213,$356.05 ,$368.68 ,$352 
12/3/18,$358.49 ,8295843,$360 ,$366 ,$352 
11/30/18,$350.48 ,5621104,$341.83 ,$351.60 ,$338.26 
11/29/18,$341.17 ,3076026,$347 ,$347.50 ,$339.55 
11/28/18,$347.87 ,4114038,$345.99 ,$348.28 ,$342.21 
11/27/18,$343.92 ,6347004,$340.05 ,$346.96 ,$335.50 
11/26/18,$346 ,7973119,$325 ,$346.22 ,$325 
11/23/18,$325.83 ,4202642,$334.35 ,$337.50 ,$325.55 
11/21/18,$338.19 ,4677389,$352 ,$353.10 ,$337.40 
11/20/18,$347.49 ,7991253,$341.75 ,$349.80 ,$333.55 
11/19/18,$353.47 ,9698559,$356.34 ,$366.75 ,$352.88 
11/16/18,$354.31 ,7194458,$345.19 ,$355.70 ,$345.12 
11/15/18,$348.44 ,4600130,$342.33 ,$348.58 ,$339.04 
11/14/18,$344 ,5032083,$342.70 ,$347.11 ,$337.15 
11/13/18,$338.73 ,5422756,$333.16 ,$344.70 ,$332.20 
11/12/18,$331.28 ,6916965,$348.37 ,$349.78 ,$330.34 
11/9/18,$350.51 ,5093456,$349 ,$354 ,$345.23 
11/8/18,$351.40 ,7080203,$348.50 ,$357.58 ,$348.44 
11/7/18,$348.16 ,7366706,$343.34 ,$351.18 ,$340.80 
11/6/18,$341.06 ,6751930,$339.07 ,$348.80 ,$336.09 
11/5/18,$341.40 ,7820845,$340.50 ,$343.96 ,$330.14 
11/2/18,$346.41 ,7799920,$343.74 ,$349.20 ,$340.91 
11/1/18,$344.28 ,7980946,$338.26 ,$347.84 ,$334.73 
10/31/18,$337.32 ,7600840,$332.54 ,$342 ,$329.10 
10/30/18,$329.90 ,9109120,$328.39 ,$337.90 ,$322.26 
10/29/18,$334.85 ,14455150,$337.47 ,$347.16 ,$326.50 
10/26/18,$330.90 ,27380220,$308.25 ,$339.90 ,$306.65 
10/25/18,$314.86 ,20771670,$317.22 ,$321 ,$301.01 
10/24/18,$288.50 ,19350450,$301.05 ,$304.44 ,$285.73 
10/23/18,$294.14 ,18956210,$263.87 ,$297.93 ,$262.10 
10/22/18,$260.95 ,5594855,$260.68 ,$261.86 ,$252.59 
10/19/18,$260 ,9344764,$267.39 ,$269.66 ,$253.50 
10/18/18,$263.91 ,5401871,$269.29 ,$271 ,$263 
10/17/18,$271.78 ,8636949,$282.40 ,$282.70 ,$265.80 
10/16/18,$276.59 ,9501120,$265.70 ,$277.38 ,$262.24 
10/15/18,$259.59 ,6189026,$259.06 ,$263.28 ,$254.54 
10/12/18,$258.78 ,7189257,$261 ,$261.99 ,$252.01 
10/11/18,$252.23 ,8128184,$257.53 ,$262.25 ,$249.03 
10/10/18,$256.88 ,12781560,$264.61 ,$265.51 ,$247.77 
10/9/18,$262.80 ,12037780,$255.25 ,$266.77 ,$253.30 
10/8/18,$250.56 ,13371180,$264.52 ,$267.76 ,$249 
10/5/18,$261.95 ,17900710,$274.65 ,$274.88 ,$260 
10/4/18,$281.83 ,9638885,$293.95 ,$294 ,$277.67 
10/3/18,$294.80 ,7982272,$303.33 ,$304.60 ,$291.57 
10/2/18,$301.02 ,11699690,$313.95 ,$316.84 ,$299.15 
10/1/18,$310.70 ,21714210,$305.77 ,$311.44 ,$301.05 
9/28/18,$264.77 ,33597290,$270.26 ,$278 ,$260.56 
9/27/18,$307.52 ,7337760,$312.90 ,$314.96 ,$306.91 
9/26/18,$309.58 ,7835863,$301.91 ,$313.89 ,$301.11 
9/25/18,$300.99 ,4472287,$300 ,$304.60 ,$296.50 
9/24/18,$299.68 ,4834384,$298.48 ,$303.00 ,$293.58 
9/21/18,$299.10 ,5038497,$297.70 ,$300.58 ,$295.37 
9/20/18,$298.33 ,7332477,$303.56 ,$305.98 ,$293.33 
9/19/18,$299.02 ,8264353,$280.51 ,$300 ,$280.50 
9/18/18,$284.96 ,16494280,$296.69 ,$302.64 ,$275.50 
9/17/18,$294.84 ,6866208,$290.04 ,$300.87 ,$288.13 
9/14/18,$295.20 ,6757652,$288.76 ,$297.33 ,$286.52 
9/13/18,$289.46 ,6333281,$288.02 ,$295 ,$285.18 
9/12/18,$290.54 ,10002150,$281.44 ,$292.50 ,$278.65 
9/11/18,$279.44 ,9161061,$279.47 ,$282 ,$273.55 
9/10/18,$285.50 ,14232250,$273.26 ,$286.03 ,$271 
9/7/18,$263.24 ,22442310,$260.10 ,$268.35 ,$252.25 
9/6/18,$280.95 ,7472756,$284.80 ,$291.17 ,$278.88 
9/5/18,$280.74 ,7707342,$285.05 ,$286.78 ,$277.18 
9/4/18,$288.95 ,8304571,$296.94 ,$298.19 ,$288 
8/31/18,$301.66 ,5367048,$302 ,$305.31 ,$298.60 
8/30/18,$303.15 ,7210625,$302.26 ,$304.60 ,$297.72 
8/29/18,$305.01 ,7410538,$310.27 ,$311.85 ,$303.69 
8/28/18,$311.86 ,7639453,$318.41 ,$318.88 ,$311.19 
8/27/18,$319.27 ,13062650,$318 ,$322.44 ,$308.81 
8/24/18,$322.82 ,3592734,$320.70 ,$323.85 ,$319.40 
8/23/18,$320.10 ,5138685,$319.14 ,$327.32 ,$318.10 
8/22/18,$321.64 ,5935853,$320.87 ,$323.88 ,$314.67 
8/21/18,$321.90 ,13147770,$310.61 ,$324.79 ,$309 
8/20/18,$308.44 ,17380430,$291.70 ,$308.50 ,$288.20 
8/17/18,$305.50 ,18895880,$323.50 ,$326.77 ,$303.53 
8/16/18,$335.45 ,6045392,$339.91 ,$342.28 ,$333.82 
8/15/18,$338.69 ,9073033,$341.91 ,$344.49 ,$332.14 
8/14/18,$347.64 ,6948511,$358.45 ,$359.20 ,$347.10 
8/13/18,$356.41 ,10444920,$361.13 ,$363.19 ,$349.02 
8/10/18,$355.49 ,11530510,$354 ,$360 ,$346 
8/9/18,$352.45 ,16951800,$365.55 ,$367.01 ,$345.73 
8/8/18,$370.34 ,24535420,$369.09 ,$382.64 ,$367.12 
8/7/18,$379.57 ,30596400,$343.84 ,$387.46 ,$339.15 
8/6/18,$341.99 ,8536766,$345.46 ,$354.98 ,$341.82 
8/3/18,$348.17 ,13646640,$347.81 ,$355 ,$342.53 
8/2/18,$349.54 ,23159160,$328.44 ,$349.99 ,$323.16 
8/1/18,$300.84 ,8768099,$297.99 ,$303 ,$293 
7/31/18,$298.14 ,5055094,$292.25 ,$298.32 ,$289.07 
7/30/18,$290.17 ,6799581,$295.90 ,$296.10 ,$286.13 
7/27/18,$297.18 ,5694690,$307.25 ,$307.69 ,$295.34 
7/26/18,$306.65 ,4619567,$304.85 ,$310.70 ,$303.64 
7/25/18,$308.74 ,7031382,$296.74 ,$309.62 ,$294.50 
7/24/18,$297.43 ,9586186,$304.42 ,$307.72 ,$292.55 
7/23/18,$303.20 ,10974820,$301.84 ,$305.50 ,$292.86 
7/20/18,$313.58 ,5159831,$321.23 ,$323.24 ,$311.71 
7/19/18,$320.23 ,5907116,$316.33 ,$323.54 ,$314.01 
7/18/18,$323.85 ,5610085,$325 ,$325.50 ,$316.25 
7/17/18,$322.69 ,6987782,$308.81 ,$324.74 ,$308.50 
7/16/18,$310.10 ,7800454,$311.71 ,$315.16 ,$306.25 
7/13/18,$318.87 ,5866776,$315.58 ,$319.58 ,$309.25 
7/12/18,$316.71 ,5711851,$321.43 ,$323.23 ,$312.77 
7/11/18,$318.96 ,4878595,$315.80 ,$321.94 ,$315.07 
7/10/18,$322.47 ,9437557,$324.56 ,$327.68 ,$319.20 
7/9/18,$318.51 ,7579541,$311.99 ,$318.52 ,$308 
7/6/18,$308.90 ,8860198,$304.96 ,$312.07 ,$302 
7/5/18,$309.16 ,17457570,$313.76 ,$314.39 ,$296.22 
7/3/18,$310.86 ,12282640,$331.75 ,$332.49 ,$309.69 
7/2/18,$335.07 ,18732710,$360.07 ,$364.78 ,$329.85 
6/29/18,$342.95 ,6475903,$353.33 ,$353.86 ,$342.41 
6/28/18,$349.93 ,8388172,$348.66 ,$357.02 ,$346.11 
6/27/18,$344.50 ,8313817,$345 ,$350.79 ,$339.50 
6/26/18,$342 ,7434749,$336.05 ,$343.55 ,$325.80 
6/25/18,$333.01 ,6925089,$330.12 ,$338.47 ,$327.50 
6/22/18,$333.63 ,10253770,$351.54 ,$352.25 ,$332 
6/21/18,$347.51 ,7949846,$362 ,$366.21 ,$346.27 
6/20/18,$362.22 ,8370268,$358.04 ,$364.38 ,$352 
6/19/18,$352.55 ,12734840,$365.16 ,$370 ,$346.25 
6/18/18,$370.83 ,12025450,$355.40 ,$373.73 ,$354.50 
6/15/18,$358.17 ,10827560,$353.84 ,$364.67 ,$351.25 
6/14/18,$357.72 ,10961150,$347.63 ,$358.75 ,$346.60 
6/13/18,$344.78 ,9401467,$346.71 ,$347.20 ,$339.80 
6/12/18,$342.77 ,22256430,$344.70 ,$354.97 ,$338 
6/11/18,$332.10 ,13166050,$322.51 ,$334.66 ,$322.50 
6/8/18,$317.66 ,8192175,$319 ,$324.48 ,$317.15 
6/7/18,$316.09 ,14336110,$316.15 ,$330 ,$313.58 
6/6/18,$319.50 ,18742400,$300.50 ,$322.17 ,$297.48 
6/5/18,$291.13 ,5877873,$297.70 ,$297.80 ,$286.74 
6/4/18,$296.74 ,4793787,$294.34 ,$299 ,$293.55 
6/1/18,$291.82 ,5417984,$285.86 ,$291.95 ,$283.84 
5/31/18,$284.73 ,5912825,$287.21 ,$290.37 ,$282.93 
5/30/18,$291.72 ,7473590,$283.29 ,$295.01 ,$281.60 
5/29/18,$283.76 ,5657153,$278.51 ,$286.50 ,$276.15 
5/25/18,$278.85 ,3872621,$277.63 ,$279.64 ,$275.61 
5/24/18,$277.85 ,4170789,$278.40 ,$281.11 ,$274.89 
5/23/18,$279.07 ,5972237,$277.76 ,$279.91 ,$274 
5/22/18,$275.01 ,8938501,$287.76 ,$288 ,$273.42 
5/21/18,$284.49 ,9167844,$281.33 ,$291.49 ,$281.30 
5/18/18,$276.82 ,7243699,$284.65 ,$284.65 ,$274 
5/17/18,$284.54 ,4418258,$285.90 ,$289.19 ,$283.97 
5/16/18,$286.48 ,5669644,$283.83 ,$288.81 ,$281.56 
5/15/18,$284.18 ,9509753,$285.01 ,$286.96 ,$280.50 
5/14/18,$291.97 ,7265501,$303.32 ,$304.94 ,$291.62 
5/11/18,$301.06 ,4665321,$307.70 ,$308.88 ,$299.08 
5/10/18,$305.02 ,5642771,$307.50 ,$312.99 ,$304.11 
5/9/18,$306.85 ,5712255,$300.41 ,$307.01 ,$300.05 
5/8/18,$301.97 ,5927447,$300.80 ,$307.75 ,$299 
5/7/18,$302.77 ,8673090,$297.50 ,$305.96 ,$295.17 
5/4/18,$294.09 ,8565506,$283 ,$296.86 ,$279.52 
5/3/18,$284.45 ,17339090,$278.79 ,$288.04 ,$275.23 
5/2/18,$301.15 ,8346176,$298.57 ,$306.85 ,$297.78 
5/1/18,$299.92 ,4614946,$293.51 ,$300.82 ,$293.22 
4/30/18,$293.90 ,4224068,$293.61 ,$298.73 ,$292.50 
4/27/18,$294.08 ,4346854,$285.37 ,$294.47 ,$283.83 
4/26/18,$285.48 ,4348108,$278.75 ,$285.79 ,$276.50 
4/25/18,$280.69 ,4000421,$283.50 ,$285.16 ,$277.25 
4/24/18,$283.46 ,5678242,$285 ,$287.09 ,$278.46 
4/23/18,$283.37 ,4880743,$291.29 ,$291.62 ,$282.33 
4/20/18,$290.24 ,5622630,$295.17 ,$299.98 ,$289.75 
4/19/18,$300.08 ,6083800,$291.08 ,$301.01 ,$288.55 
4/18/18,$293.35 ,6531563,$291.08 ,$300.24 ,$288.16 
4/17/18,$287.69 ,6931152,$288.87 ,$292.17 ,$282.51 
4/16/18,$291.21 ,6289497,$299 ,$299.66 ,$289.01 
4/13/18,$300.34 ,7319225,$303.60 ,$303.95 ,$295.98 
4/12/18,$294.08 ,7595525,$302.32 ,$303.95 ,$293.68 
4/11/18,$300.93 ,7470204,$300.74 ,$308.98 ,$299.66 
4/10/18,$304.70 ,11017010,$298.97 ,$307.10 ,$293.68 
4/9/18,$289.66 ,10241410,$300.37 ,$309.50 ,$289.21 
4/6/18,$299.30 ,13516530,$301 ,$309.28 ,$295.50 
4/5/18,$305.72 ,19025860,$289.34 ,$306.26 ,$288.20 
4/4/18,$286.94 ,19880180,$252.78 ,$288.37 ,$252 
4/3/18,$267.53 ,18829650,$269.82 ,$273.35 ,$254.49 
4/2/18,$252.48 ,16093290,$256.26 ,$260.33 ,$244.59 
3/29/18,$266.13 ,15014440,$256.49 ,$270.96 ,$248.21 
3/28/18,$257.78 ,20962280,$264.58 ,$268.68 ,$252.10 
3/27/18,$279.18 ,13787060,$304 ,$304.27 ,$277.18 
3/26/18,$304.18 ,8364937,$307.34 ,$307.59 ,$291.36 
3/23/18,$301.54 ,6639960,$311.25 ,$311.61 ,$300.45 
3/22/18,$309.10 ,4924928,$313.89 ,$318.82 ,$308.18 
3/21/18,$316.53 ,5954247,$310.25 ,$322.44 ,$310.19 
3/20/18,$310.55 ,4761031,$314.87 ,$316.25 ,$308.76 
3/19/18,$313.56 ,7467890,$316.50 ,$320.75 ,$309.67 
3/16/18,$321.35 ,6113365,$325.96 ,$327.40 ,$319.07 
3/15/18,$325.60 ,6554568,$329.38 ,$332.85 ,$321.10 
3/14/18,$326.63 ,7952152,$336.76 ,$339.81 ,$323.93 
3/13/18,$341.84 ,5960636,$344.92 ,$345.12 ,$336.26 
3/12/18,$345.51 ,8252919,$328.61 ,$347.21 ,$326.50 
3/9/18,$327.17 ,5502779,$324.10 ,$328.49 ,$322.37 
3/8/18,$329.10 ,3514367,$332.86 ,$333.30 ,$326.27 
3/7/18,$332.30 ,5001940,$325.44 ,$332.50 ,$321.74 
3/6/18,$328.20 ,4236483,$333.75 ,$336.37 ,$327.03 
3/5/18,$333.35 ,3820702,$332.39 ,$337.75 ,$329.29 
3/2/18,$335.12 ,5088789,$326.98 ,$335.22 ,$322.97 
3/1/18,$330.93 ,6872552,$345.01 ,$348.67 ,$330.07 
2/28/18,$343.06 ,6066044,$352.57 ,$355.24 ,$342.22 
2/27/18,$350.99 ,4785022,$356.25 ,$359.99 ,$350.01 
2/26/18,$357.42 ,4334500,$353.50 ,$359 ,$352.36 
2/23/18,$352.05 ,5814177,$347.83 ,$354.99 ,$347.10 
2/22/18,$346.17 ,6961880,$335.53 ,$347.44 ,$334.75 
2/21/18,$333.30 ,3207250,$336.03 ,$339.69 ,$333.17 
2/20/18,$334.77 ,4005962,$334.47 ,$340.84 ,$331.50 
2/16/18,$335.49 ,5640184,$332.50 ,$343.12 ,$331.64 
2/15/18,$334.07 ,5909823,$324.50 ,$334.12 ,$322.40 
2/14/18,$322.31 ,3948077,$320.84 ,$326.17 ,$318.52 
2/13/18,$323.66 ,4554631,$315.02 ,$324.19 ,$312.51 
2/12/18,$315.73 ,6224479,$316.13 ,$318.08 ,$306.25 
2/9/18,$310.42 ,12924430,$319.93 ,$320.98 ,$294.76 
2/8/18,$315.23 ,10296420,$343.31 ,$348.62 ,$314.60 
2/7/18,$345 ,6729682,$338.99 ,$346 ,$335.66 
2/6/18,$333.97 ,5080032,$325.21 ,$336.22 ,$323.50 
2/5/18,$333.13 ,4441166,$337.97 ,$344.47 ,$333 
2/2/18,$343.75 ,3696157,$348.44 ,$351.95 ,$340.51 
2/1/18,$349.25 ,4187440,$351 ,$359.66 ,$348.63 
1/31/18,$354.31 ,6199373,$347.51 ,$356.19 ,$345.19 
1/30/18,$345.82 ,4710684,$345.14 ,$348.27 ,$342.17 
1/29/18,$349.53 ,4738208,$339.85 ,$350.85 ,$338.28 
1/26/18,$342.85 ,4535457,$341.50 ,$344 ,$335.71 
1/25/18,$337.64 ,6725208,$348.27 ,$349.20 ,$336.40 
1/24/18,$345.89 ,5277386,$354.58 ,$354.75 ,$343.52 
1/23/18,$352.79 ,5447622,$360 ,$360.50 ,$351 
1/22/18,$351.56 ,6199777,$349.40 ,$357.83 ,$349.20 
1/19/18,$350.02 ,4871181,$345 ,$350.59 ,$342.60 
1/18/18,$344.57 ,5679629,$345.67 ,$352.30 ,$343.74 
1/17/18,$347.16 ,7092554,$340.47 ,$349 ,$339.75 
1/16/18,$340.06 ,6429234,$337.54 ,$345 ,$334.80 
1/12/18,$336.22 ,4822509,$338.63 ,$340.41 ,$333.67 
1/11/18,$337.95 ,6640863,$335.24 ,$344.81 ,$333.26 
1/10/18,$334.80 ,4303053,$332.20 ,$337 ,$330 
1/9/18,$333.69 ,7134525,$335.16 ,$338.80 ,$327.41 
1/8/18,$336.41 ,9832610,$316 ,$337.02 ,$315.50 
1/5/18,$316.58 ,4588728,$316.62 ,$317.24 ,$312 
1/4/18,$314.62 ,9944593,$312.87 ,$318.55 ,$305.68 
1/3/18,$317.25 ,4438520,$321 ,$325.25 ,$315.55 
1/2/18,$320.53 ,4345615,$312 ,$322.11 ,$311 
12/29/17,$311.35 ,3769504,$316.18 ,$316.41 ,$310 
12/28/17,$315.36 ,4306746,$311.75 ,$315.82 ,$309.54 
12/27/17,$311.64 ,4705084,$316 ,$317.68 ,$310.75 
12/26/17,$317.29 ,4368699,$323.83 ,$323.94 ,$316.58 
12/22/17,$325.20 ,4207602,$329.51 ,$330.92 ,$324.82 
12/21/17,$331.66 ,4369994,$329.59 ,$333.74 ,$327.21 
12/20/17,$328.98 ,5907378,$332.69 ,$333.10 ,$325.04 
12/19/17,$331.10 ,6820868,$340.26 ,$341.49 ,$330.30 
12/18/17,$338.87 ,5466546,$344.90 ,$346.73 ,$337.58 
12/15/17,$343.45 ,6921246,$342.04 ,$343.90 ,$335.76 
12/14/17,$337.89 ,5792024,$341.01 ,$347.44 ,$336.90 
12/13/17,$339.03 ,6217701,$340.93 ,$344.22 ,$336.50 
12/12/17,$341.03 ,8715570,$330.45 ,$341.44 ,$330.03 
12/11/17,$328.91 ,7926090,$314.63 ,$329.01 ,$313.75 
12/8/17,$315.13 ,3466088,$314.60 ,$316.98 ,$311.26 
12/7/17,$311.24 ,4779590,$312 ,$318.63 ,$311.05 
12/6/17,$313.26 ,7184477,$300.10 ,$313.39 ,$300 
12/5/17,$303.70 ,4643708,$302 ,$308 ,$301 
12/4/17,$305.20 ,5834227,$306.50 ,$308.27 ,$300.61 
12/1/17,$306.53 ,4286082,$305.44 ,$310.32 ,$305.05 
11/30/17,$308.85 ,4345434,$308.56 ,$310.70 ,$304.54 
11/29/17,$307.54 ,8757463,$317.30 ,$318 ,$301.23 
11/28/17,$317.55 ,4941703,$316.36 ,$320 ,$313.92 
11/27/17,$316.81 ,4537779,$313.25 ,$317.34 ,$309.51 
11/24/17,$315.55 ,3244065,$313.79 ,$316.41 ,$311 
11/22/17,$312.60 ,4913283,$316.77 ,$317.42 ,$311.84 
11/21/17,$317.81 ,7256381,$310.86 ,$318.23 ,$308.71 
11/20/17,$308.74 ,8241821,$313.79 ,$315.50 ,$304.75 
11/17/17,$315.05 ,13720830,$325.67 ,$326.67 ,$313.15 
11/16/17,$312.50 ,5794409,$313.99 ,$318.14 ,$311.30 
11/15/17,$311.30 ,5951835,$306.01 ,$312.49 ,$301.50 
11/14/17,$308.70 ,5661904,$315 ,$316.35 ,$306.90 
11/13/17,$315.40 ,7565242,$300.13 ,$316.80 ,$299.11 
11/10/17,$302.99 ,4621080,$302.50 ,$308.36 ,$301.85 
11/9/17,$302.99 ,5440173,$302.50 ,$304.46 ,$296.30 
11/8/17,$304.39 ,4725355,$305.50 ,$306.89 ,$301.30 
11/7/17,$306.05 ,5284844,$301.02 ,$306.50 ,$300.03 
11/6/17,$302.78 ,6480689,$307 ,$307.50 ,$299.01 
11/3/17,$306.09 ,8885933,$299.50 ,$306.25 ,$295.13 
11/2/17,$299.26 ,19771280,$300.13 ,$308.69 ,$292.63 
11/1/17,$321.08 ,8242487,$332.25 ,$332.61 ,$320.26 
10/31/17,$331.53 ,5650062,$320.23 ,$331.95 ,$320.18 
10/30/17,$320.08 ,4247619,$319.18 ,$323.78 ,$317.25 
10/27/17,$320.87 ,6968365,$319.75 ,$324.59 ,$316.66 
10/26/17,$326.17 ,5010087,$327.78 ,$330.23 ,$323.20 
10/25/17,$325.84 ,8583619,$336.70 ,$337.50 ,$323.56 
10/24/17,$337.34 ,4485692,$338.80 ,$342.80 ,$336.16 
10/23/17,$337.02 ,5739598,$349.88 ,$349.95 ,$336.25 
10/20/17,$345.10 ,4925657,$352.69 ,$354.55 ,$344.34 
10/19/17,$351.81 ,5055715,$355.56 ,$357.15 ,$348.20 
10/18/17,$359.65 ,4936024,$355.97 ,$363 ,$354.13 
10/17/17,$355.75 ,3290290,$350.91 ,$356.22 ,$350.07 
10/16/17,$350.60 ,5373090,$353.76 ,$354.48 ,$347.16 
10/13/17,$355.57 ,3538807,$356.98 ,$358.49 ,$353.68 
10/12/17,$355.68 ,4073552,$352.95 ,$359.78 ,$352.64 
10/11/17,$354.60 ,4494733,$353.89 ,$357.60 ,$351.15 
10/10/17,$355.59 ,6972263,$346.80 ,$355.63 ,$345.53 
10/9/17,$342.94 ,7461461,$349.65 ,$351.75 ,$342.67 
10/6/17,$356.88 ,4272866,$353.10 ,$360.10 ,$352.25 
10/5/17,$355.33 ,4167913,$356 ,$357.44 ,$351.35 
10/4/17,$355.01 ,8147995,$351.25 ,$358.62 ,$349.60 
10/3/17,$348.14 ,10122550,$335.90 ,$348.55 ,$331.28 
10/2/17,$341.53 ,5227547,$342.52 ,$343.70 ,$335.51 
9/29/17,$341.10 ,5099051,$341.86 ,$344.68 ,$338.60 
9/28/17,$339.60 ,5309779,$339.88 ,$342.75 ,$335.40 
9/27/17,$340.97 ,6027375,$349.90 ,$351.49 ,$340.50 
9/26/17,$345.25 ,7149649,$350.93 ,$351.24 ,$340.90 
9/25/17,$344.99 ,7587158,$353.15 ,$357.47 ,$342.88 
9/22/17,$351.09 ,8142895,$366.49 ,$369.90 ,$350.88 
9/21/17,$366.48 ,4610872,$374.90 ,$376.83 ,$364.51 
9/20/17,$373.91 ,4909958,$373 ,$378.25 ,$371.07 
9/19/17,$375.10 ,6435208,$380 ,$382.39 ,$373.57 
9/18/17,$385 ,7177773,$380.25 ,$389.61 ,$377.68 
9/15/17,$379.81 ,5407227,$374.51 ,$380 ,$372.70 
9/14/17,$377.64 ,7170263,$364.33 ,$377.96 ,$362.63 
9/13/17,$366.23 ,4171185,$363.82 ,$368.07 ,$359.59 
9/12/17,$362.75 ,5966204,$364.49 ,$368.76 ,$360.40 
9/11/17,$363.69 ,7651000,$351.35 ,$363.71 ,$350 
9/8/17,$343.40 ,3261333,$348.99 ,$349.78 ,$342.30 
9/7/17,$350.61 ,4235045,$345.98 ,$352.48 ,$343.45 
9/6/17,$344.53 ,4082001,$349.50 ,$350.98 ,$341.56 
9/5/17,$349.59 ,3836402,$353.80 ,$355.49 ,$345.89 
9/1/17,$355.40 ,3048550,$356.12 ,$357.59 ,$353.69 
8/31/17,$355.90 ,4063330,$353.55 ,$358.44 ,$352.82 
8/30/17,$353.18 ,3404165,$349.67 ,$353.47 ,$347 
8/29/17,$347.36 ,4069303,$339.48 ,$349.05 ,$338.75 
8/28/17,$345.66 ,3746240,$347.28 ,$347.35 ,$339.72 
8/25/17,$348.05 ,3475186,$354.24 ,$355.69 ,$347.30 
8/24/17,$352.93 ,4571574,$352.52 ,$356.66 ,$349.74 
8/23/17,$352.77 ,4941947,$338.99 ,$353.49 ,$338.30 
8/22/17,$341.35 ,4314268,$341.13 ,$342.24 ,$337.37 
8/21/17,$337.86 ,6489850,$345.82 ,$345.82 ,$331.85 
8/18/17,$347.46 ,5390805,$352.91 ,$354 ,$345.80 
8/17/17,$351.92 ,5010825,$361.21 ,$363.30 ,$351.59 
8/16/17,$362.91 ,3406173,$363 ,$366.50 ,$362.52 
8/15/17,$362.33 ,3084601,$365.20 ,$365.49 ,$359.37 
8/14/17,$363.80 ,4507969,$364.63 ,$367.66 ,$362.60 
8/11/17,$357.87 ,4357562,$356.97 ,$361.26 ,$353.62 
8/10/17,$355.40 ,7063054,$361.60 ,$366.65 ,$354.66 
8/9/17,$363.53 ,6881182,$361 ,$370 ,$358.95 
8/8/17,$365.22 ,7431838,$357.53 ,$368.58 ,$357.40 
8/7/17,$355.17 ,6309331,$357.35 ,$359.48 ,$352.75 
8/4/17,$356.91 ,9233295,$347 ,$357.27 ,$343.30 
8/3/17,$347.09 ,13524270,$345.33 ,$350 ,$343.15 
8/2/17,$325.89 ,11942350,$318.94 ,$327.12 ,$311.22 
8/1/17,$319.57 ,8284997,$323 ,$324.45 ,$316.13 
7/31/17,$323.47 ,8525454,$335.50 ,$341.49 ,$321.04 
7/28/17,$335.07 ,4869891,$336.89 ,$339.60 ,$332.51 
7/27/17,$334.46 ,8285879,$346 ,$347.50 ,$326.29 
7/26/17,$343.85 ,4809514,$340.36 ,$345.50 ,$338.12 
7/25/17,$339.60 ,6977932,$345 ,$345.60 ,$334.15 
7/24/17,$342.52 ,8598292,$330.24 ,$343.40 ,$330.01 
7/21/17,$328.40 ,4871708,$329.46 ,$331.26 ,$325.80 
7/20/17,$329.92 ,5142516,$326.90 ,$330.22 ,$324.20 
7/19/17,$325.26 ,6345884,$328.23 ,$331.65 ,$323.22 
7/18/17,$328.24 ,6360710,$317.50 ,$329.13 ,$315.66 
7/17/17,$319.57 ,9827506,$325.54 ,$327.10 ,$313.45 
7/14/17,$327.78 ,5607924,$323.19 ,$328.42 ,$321.22 
7/13/17,$323.41 ,8582315,$330.11 ,$331.60 ,$319.97 
7/12/17,$329.52 ,10317240,$330.40 ,$333.10 ,$324.50 
7/11/17,$327.22 ,11526760,$316 ,$327.28 ,$314.30 
7/10/17,$316.05 ,13760290,$312.90 ,$317.94 ,$303.13 
7/7/17,$313.22 ,14129950,$313.50 ,$317 ,$307.38 
7/6/17,$308.83 ,19258040,$317.26 ,$320.79 ,$306.30 
7/5/17,$327.09 ,16998300,$347.20 ,$347.24 ,$326.33 
7/3/17,$352.62 ,6305401,$370.24 ,$371.35 ,$351.50 
6/30/17,$361.61 ,5823046,$363.71 ,$366.77 ,$359.62 
6/29/17,$360.75 ,8202463,$370.61 ,$371 ,$354.10 
6/28/17,$371.24 ,6290323,$366.68 ,$371.74 ,$362.52 
6/27/17,$362.37 ,6977494,$376.40 ,$376.40 ,$362.02 
6/26/17,$377.49 ,6596854,$386.69 ,$386.95 ,$373.10 
6/23/17,$383.45 ,6425180,$382.45 ,$386.99 ,$379.35 
6/22/17,$382.61 ,7510406,$377.99 ,$385 ,$373.57 
6/21/17,$376.40 ,4916770,$374.35 ,$376.99 ,$368.02 
6/20/17,$372.24 ,7419110,$376.67 ,$378.88 ,$369.73 
6/19/17,$369.80 ,6433434,$375 ,$376.70 ,$367.80 
6/16/17,$371.40 ,6347450,$377.98 ,$378.01 ,$370.10 
6/15/17,$375.34 ,10412650,$372.50 ,$375.46 ,$366.49 
6/14/17,$380.66 ,12778480,$381.09 ,$384.25 ,$376.31 
6/13/17,$375.95 ,11773370,$367.62 ,$376 ,$366.61 
6/12/17,$359.01 ,10507860,$357.99 ,$364.50 ,$350.62 
6/9/17,$357.32 ,17250060,$374.42 ,$376.87 ,$354.80 
6/8/17,$370 ,9028677,$363.75 ,$371.90 ,$360.22 
6/7/17,$359.65 ,9348692,$356.34 ,$360.50 ,$355.14 
6/6/17,$352.85 ,11031920,$344.70 ,$359.49 ,$339.97 
6/5/17,$347.32 ,6769174,$338.50 ,$348.44 ,$334.21 
6/2/17,$339.85 ,5583952,$339.77 ,$342.88 ,$335.93 
6/1/17,$340.37 ,7601764,$344 ,$344.88 ,$337.29 
5/31/17,$341.01 ,9937556,$337.69 ,$342.89 ,$335.16 
5/30/17,$335.10 ,7771536,$326 ,$336.28 ,$325.76 
5/26/17,$325.14 ,7793009,$317.28 ,$325.49 ,$316.31 
5/25/17,$316.83 ,5000432,$311.02 ,$316.97 ,$307.81 
5/24/17,$310.22 ,5035192,$306.51 ,$311 ,$305.40 
5/23/17,$303.86 ,4314267,$310.46 ,$310.73 ,$303.48 
5/22/17,$310.35 ,4324305,$312.80 ,$314.37 ,$306.80 
5/19/17,$310.83 ,4654580,$315.50 ,$316.50 ,$310.20 
5/18/17,$313.06 ,5609153,$307 ,$313.94 ,$305.31 
5/17/17,$306.11 ,6695657,$314.39 ,$314.63 ,$305.50 
5/16/17,$317.01 ,4141066,$317.59 ,$320.06 ,$315.14 
5/15/17,$315.88 ,7606854,$318.38 ,$320.20 ,$312.53 
5/12/17,$324.81 ,4118613,$325.48 ,$327 ,$321.53 
5/11/17,$323.10 ,4747172,$323.40 ,$326 ,$319.60 
5/10/17,$325.22 ,5734524,$321.56 ,$325.50 ,$318.12 
5/9/17,$321.26 ,9663374,$309.38 ,$321.99 ,$309.10 
5/8/17,$307.19 ,7002907,$310.90 ,$313.79 ,$305.82 
5/5/17,$308.35 ,8117449,$298 ,$308.55 ,$296.80 
5/4/17,$295.46 ,14135990,$307.44 ,$307.77 ,$290.76 
5/3/17,$311.02 ,6879259,$317.67 ,$321.53 ,$310.45 
5/2/17,$318.89 ,5316551,$324 ,$327.66 ,$316.56 
5/1/17,$322.83 ,8819888,$314.88 ,$327.25 ,$314.81 
4/28/17,$314.07 ,4496659,$309.83 ,$314.80 ,$308 
4/27/17,$308.63 ,3462663,$311.69 ,$313.09 ,$307.50 
4/26/17,$310.17 ,4683131,$312.37 ,$314.50 ,$309 
4/25/17,$313.79 ,6734162,$308 ,$313.98 ,$305.86 
4/24/17,$308.03 ,5077771,$309.22 ,$310.55 ,$306.02 
4/21/17,$305.60 ,4501958,$302 ,$306.40 ,$300.42 
4/20/17,$302.51 ,6145961,$306.51 ,$309.15 ,$300.23 
4/19/17,$305.52 ,3891145,$302.46 ,$306.62 ,$302.11 
4/18/17,$300.25 ,3034225,$299.70 ,$300.84 ,$297.90 
4/17/17,$301.44 ,4128067,$302.70 ,$304 ,$298.68 
4/13/17,$304 ,9275682,$296.70 ,$307.39 ,$295.30 
4/12/17,$296.84 ,6043648,$306.34 ,$308.45 ,$296.32 
4/11/17,$308.71 ,5718053,$313.38 ,$313.47 ,$305.50 
4/10/17,$312.39 ,7653623,$309.15 ,$313.73 ,$308.71 
4/7/17,$302.54 ,4566632,$297.50 ,$302.69 ,$297.15 
4/6/17,$298.70 ,5517731,$296.88 ,$301.94 ,$294.10 
4/5/17,$295 ,7858565,$302.04 ,$304.88 ,$294.20 
4/4/17,$303.70 ,10108230,$296.89 ,$304.81 ,$294.53 
4/3/17,$298.52 ,13864850,$286.90 ,$299 ,$284.58 
3/31/17,$278.30 ,3293698,$278.73 ,$279.68 ,$276.32 
3/30/17,$277.92 ,4141437,$278.04 ,$282 ,$277.21 
3/29/17,$277.38 ,3672526,$278.34 ,$279.60 ,$275.54 
3/28/17,$277.45 ,7978665,$277.02 ,$280.68 ,$275 
3/27/17,$270.22 ,6221361,$260.60 ,$270.57 ,$259.75 
3/24/17,$263.16 ,5637668,$255.70 ,$263.89 ,$255.01 
3/23/17,$254.78 ,3309844,$255.39 ,$257.67 ,$253.30 
3/22/17,$255.01 ,4056735,$251.56 ,$255.07 ,$250.51 
3/21/17,$250.68 ,6901555,$262.83 ,$264.80 ,$250.24 
3/20/17,$261.92 ,3601616,$260.60 ,$264.55 ,$258.82 
3/17/17,$261.50 ,6491018,$264 ,$265.33 ,$261.20 
3/16/17,$262.05 ,7127180,$262.40 ,$265.75 ,$259.06 
3/15/17,$255.73 ,5233365,$257 ,$261 ,$254.27 
3/14/17,$258 ,7581719,$246.11 ,$258.12 ,$246.02 
3/13/17,$246.17 ,3011280,$244.82 ,$246.85 ,$242.78 
3/10/17,$243.69 ,3062785,$246.21 ,$246.50 ,$243 
3/9/17,$244.90 ,3876494,$247.63 ,$248.66 ,$243 
3/8/17,$246.87 ,3726746,$247 ,$250.07 ,$245.32 
3/7/17,$248.59 ,3452587,$251.92 ,$253.89 ,$248.32 
3/6/17,$251.21 ,3353601,$247.91 ,$251.70 ,$247.51 
3/3/17,$251.57 ,2925481,$250.74 ,$251.90 ,$249 
3/2/17,$250.48 ,3345751,$249.71 ,$253.28 ,$248.27 
3/1/17,$250.02 ,4804963,$254.18 ,$254.85 ,$249.11 
2/28/17,$249.99 ,6073890,$244.19 ,$251 ,$243.90 
2/27/17,$246.23 ,11450160,$248.17 ,$248.36 ,$242.01 
2/24/17,$257 ,8166869,$252.66 ,$258.25 ,$250.20 
2/23/17,$255.99 ,14877090,$264 ,$264.66 ,$255.56 
2/22/17,$273.51 ,8537811,$280.31 ,$283.45 ,$272.60 
2/21/17,$277.39 ,5647575,$275.45 ,$281.40 ,$274.01 
2/17/17,$272.23 ,6251469,$265.80 ,$272.89 ,$264.15 
2/16/17,$268.95 ,7063860,$277.60 ,$280 ,$268.50 
2/15/17,$279.76 ,4943879,$280 ,$282.24 ,$276.44 
2/14/17,$280.98 ,7341450,$279.03 ,$287.39 ,$278.61 
2/13/17,$280.60 ,7023072,$270.74 ,$280.79 ,$270.51 
2/10/17,$269.23 ,3618336,$269.79 ,$270.95 ,$266.11 
2/9/17,$269.20 ,7812600,$266.25 ,$271.18 ,$266.15 
2/8/17,$262.08 ,3912428,$257.35 ,$263.36 ,$256.20 
2/7/17,$257.48 ,4244063,$258.19 ,$260 ,$256.42 
2/6/17,$257.77 ,3557600,$251 ,$257.82 ,$250.63 
2/3/17,$251.33 ,2185230,$251.91 ,$252.18 ,$249.68 
2/2/17,$251.55 ,2498799,$248.34 ,$252.42 ,$247.71 
2/1/17,$249.24 ,3953105,$253.05 ,$253.20 ,$249.05 
1/31/17,$251.93 ,4112013,$249.24 ,$255.89 ,$247.70 
1/30/17,$250.63 ,3798638,$252.53 ,$255.29 ,$247.10 
1/27/17,$252.95 ,3161774,$251.38 ,$253 ,$248.52 
1/26/17,$252.51 ,3143717,$254.29 ,$255.74 ,$250.75 
1/25/17,$254.47 ,5145301,$257.31 ,$258.46 ,$251.80 
1/24/17,$254.61 ,4958144,$250 ,$254.80 ,$249.65 
1/23/17,$248.92 ,6262097,$245.85 ,$250.89 ,$245.50 
1/20/17,$244.73 ,4199720,$245.46 ,$246 ,$243.01 
1/19/17,$243.76 ,7717244,$247.25 ,$248.68 ,$240.75 
1/18/17,$238.36 ,3767272,$236.65 ,$239.71 ,$235.58 
1/17/17,$235.58 ,4614731,$236.70 ,$239.96 ,$234.37 
1/13/17,$237.75 ,6085610,$230 ,$237.85 ,$229.59 
1/12/17,$229.59 ,3787547,$229.06 ,$230.70 ,$225.58 
1/11/17,$229.73 ,3649910,$229.07 ,$229.98 ,$226.68 
1/10/17,$229.87 ,3658981,$232 ,$232 ,$226.89 
1/9/17,$231.28 ,3972716,$228.97 ,$231.92 ,$228 
1/6/17,$229.01 ,5524153,$226.93 ,$230.31 ,$225.45 
1/5/17,$226.75 ,5908927,$226.42 ,$227.48 ,$221.95 
1/4/17,$226.99 ,11204560,$214.75 ,$228 ,$214.31 
1/3/17,$216.99 ,5901494,$214.86 ,$220.33 ,$210.96 
12/30/16,$213.69 ,4641288,$216.30 ,$217.50 ,$211.68 
12/29/16,$214.68 ,4043086,$218.56 ,$219.20 ,$214.12 
12/28/16,$219.74 ,3778544,$221.53 ,$223.80 ,$217.20 
12/27/16,$219.53 ,5913335,$214.88 ,$222.25 ,$214.42 
12/23/16,$213.34 ,4668263,$208 ,$213.45 ,$207.71 
12/22/16,$208.45 ,3108427,$208.22 ,$209.99 ,$206.50 
12/21/16,$207.70 ,5206143,$208.45 ,$212.23 ,$207.41 
12/20/16,$208.79 ,4684269,$203.05 ,$209 ,$202.50 
12/19/16,$202.73 ,3486937,$202.49 ,$204.45 ,$199.84 
12/16/16,$202.49 ,3795444,$198.08 ,$202.59 ,$197.60 
12/15/16,$197.58 ,3218653,$198.41 ,$200.74 ,$197.39 
12/14/16,$198.69 ,4147314,$198.74 ,$203 ,$196.76 
12/13/16,$198.15 ,6819322,$193.18 ,$201.28 ,$193 
12/12/16,$192.43 ,2436428,$192.80 ,$194.42 ,$191.04 
12/9/16,$192.18 ,2720937,$190.87 ,$193.84 ,$190.81 
12/8/16,$192.29 ,3193684,$192.05 ,$192.50 ,$189.54 
12/7/16,$193.15 ,5457071,$186.15 ,$193.40 ,$185 
12/6/16,$185.85 ,3389365,$185.52 ,$186.58 ,$182.68 
12/5/16,$186.80 ,4069480,$182.51 ,$188.89 ,$182.51 
12/2/16,$181.47 ,4040201,$182.88 ,$184.88 ,$180 
12/1/16,$181.88 ,5119105,$188.25 ,$188.53 ,$181 
11/30/16,$189.40 ,3544891,$191 ,$191.89 ,$187.50 
11/29/16,$189.57 ,4435312,$195.56 ,$196.73 ,$189.50 
11/28/16,$196.12 ,4521082,$195.48 ,$199.35 ,$194.55 
11/25/16,$196.65 ,2366098,$193.64 ,$197.24 ,$193.64 
11/23/16,$193.14 ,4890285,$190.61 ,$195.64 ,$189 
11/22/16,$191.17 ,5601238,$185.84 ,$191.47 ,$183.71 
11/21/16,$184.52 ,4355872,$185.04 ,$188.89 ,$184.41 
11/18/16,$185.02 ,5206473,$190.65 ,$193 ,$185 
11/17/16,$188.66 ,4880969,$183.49 ,$189.49 ,$182.11 
11/16/16,$183.93 ,3432668,$182.65 ,$184.73 ,$181.21 
11/15/16,$183.77 ,3899743,$182.78 ,$186.43 ,$182.05 
11/14/16,$181.45 ,6547913,$188 ,$188.25 ,$178.19 
11/11/16,$188.56 ,3987091,$184.24 ,$188.88 ,$183 
11/10/16,$185.35 ,6746290,$191.05 ,$191.61 ,$180.42 
11/9/16,$190.06 ,8166447,$186.88 ,$192 ,$183.95 
11/8/16,$194.94 ,3252927,$193.79 ,$197.49 ,$191.26 
11/7/16,$193.21 ,3857682,$193.59 ,$194.29 ,$190.05 
11/4/16,$190.56 ,5143915,$189 ,$193.46 ,$185.96 
11/3/16,$187.42 ,2644550,$189 ,$191.47 ,$187.04 
11/2/16,$188.02 ,4242250,$190.05 ,$192.70 ,$187.51 
11/1/16,$190.79 ,7023674,$198.04 ,$198.50 ,$188.11 
10/31/16,$197.73 ,4691320,$202.49 ,$202.49 ,$195.81 
10/28/16,$199.97 ,4273456,$204 ,$205.32 ,$199.83 
10/27/16,$204.01 ,13070990,$211.34 ,$213.70 ,$201.65 
10/26/16,$202.24 ,5346893,$201 ,$203.19 ,$200.10 
10/25/16,$202.34 ,2442118,$202.90 ,$204.69 ,$201.20 
10/24/16,$202.76 ,2747344,$201 ,$203.95 ,$200.25 
10/21/16,$200.09 ,2936908,$198.60 ,$201.57 ,$197.41 
10/20/16,$199.10 ,5069410,$202.12 ,$203 ,$197.05 
10/19/16,$203.56 ,6966185,$199.74 ,$206.66 ,$198.06 
10/18/16,$199.10 ,5676046,$195.99 ,$199.47 ,$193.26 
10/17/16,$193.96 ,4518331,$197.05 ,$198.39 ,$192 
10/14/16,$196.51 ,4265471,$200.66 ,$201.43 ,$196.30 
10/13/16,$200.24 ,2495140,$200.50 ,$200.90 ,$197.05 
10/12/16,$201.51 ,1969099,$200.95 ,$203.88 ,$200.42 
10/11/16,$200.10 ,2326754,$201.85 ,$202.20 ,$198.31 
10/10/16,$200.95 ,3311340,$201.35 ,$204.14 ,$199.66 
10/7/16,$196.61 ,3489480,$201 ,$201.32 ,$195.80 
10/6/16,$201 ,4697937,$202.46 ,$204.21 ,$200.21 
10/5/16,$208.46 ,1872456,$212.24 ,$213.15 ,$208.12 
10/4/16,$211.41 ,3537953,$213.10 ,$213.32 ,$208.82 
10/3/16,$213.70 ,5989342,$212.30 ,$215.67 ,$208.25 
9/30/16,$204.03 ,2581730,$202.21 ,$204.98 ,$199.55 
9/29/16,$200.70 ,2714040,$205.60 ,$207.33 ,$200.58 
9/28/16,$206.27 ,2079324,$207.51 ,$208.25 ,$205.26 
9/27/16,$205.81 ,3367907,$209.65 ,$209.98 ,$204.61 
9/26/16,$208.99 ,2393373,$206.50 ,$211 ,$206.50 
9/23/16,$207.45 ,2904125,$205.99 ,$210.18 ,$205.67 
9/22/16,$206.43 ,2381600,$206.40 ,$207.28 ,$203 
9/21/16,$205.22 ,2631285,$206.37 ,$207 ,$201.56 
9/20/16,$204.64 ,2408556,$206.85 ,$207.75 ,$203.91 
9/19/16,$206.34 ,2298318,$207 ,$209.43 ,$205 
9/16/16,$205.40 ,3104266,$200.42 ,$205.70 ,$199 
9/15/16,$200.42 ,3082942,$196.49 ,$202.52 ,$196.40 
9/14/16,$196.41 ,2256143,$195.75 ,$197.92 ,$194.86 
9/13/16,$196.05 ,3583140,$197.06 ,$198.49 ,$193.45 
9/12/16,$198.30 ,3714049,$195 ,$201.37 ,$194.10 
9/9/16,$194.47 ,3753734,$199.09 ,$199.92 ,$193.70 
9/8/16,$197.36 ,3372293,$199.55 ,$199.89 ,$196.36 
9/7/16,$201.71 ,3637918,$205.50 ,$206.50 ,$200.71 
9/6/16,$202.83 ,4386193,$199.02 ,$203.25 ,$199 
9/2/16,$197.78 ,5970154,$202.33 ,$203.20 ,$196.20 
9/1/16,$200.77 ,7932444,$209.01 ,$211.10 ,$200.50 
8/31/16,$212.01 ,3274854,$210.43 ,$212.60 ,$208.65 
8/30/16,$211.34 ,3164222,$216.11 ,$216.11 ,$210.52 
8/29/16,$215.20 ,3261381,$220.15 ,$220.40 ,$215 
8/26/16,$219.99 ,2238087,$222.14 ,$222.86 ,$218.82 
8/25/16,$220.96 ,1760212,$223.11 ,$223.80 ,$220.77 
8/24/16,$222.62 ,2566947,$227.05 ,$227.15 ,$222.22 
8/23/16,$224.84 ,4747745,$224.32 ,$228.49 ,$222.80 
8/22/16,$222.93 ,2061692,$224.17 ,$225.11 ,$222.68 
8/19/16,$225 ,1658616,$223.54 ,$225.17 ,$222.53 
8/18/16,$223.51 ,1699300,$223.82 ,$225.66 ,$222.29 
8/17/16,$223.24 ,1786408,$224.33 ,$224.83 ,$222.80 
8/16/16,$223.61 ,2251115,$225.49 ,$227.19 ,$223.41 
8/15/16,$225.59 ,2017964,$226.02 ,$229.50 ,$224.93 
8/12/16,$225.61 ,1811850,$225.41 ,$226.65 ,$224.04 
8/11/16,$224.91 ,1876959,$226.17 ,$227.57 ,$223.41 
8/10/16,$225.65 ,2336496,$228.24 ,$229.87 ,$224.62 
8/9/16,$229.08 ,2199766,$226.82 ,$231.54 ,$226.65 
8/8/16,$226.16 ,2259465,$228 ,$229.60 ,$226.09 
8/5/16,$230.03 ,3190342,$230 ,$232 ,$227.40 
8/4/16,$230.61 ,4142155,$225.69 ,$230.86 ,$222.05 
8/3/16,$225.79 ,3808747,$227.37 ,$229.70 ,$224.21 
8/2/16,$227.20 ,3928706,$229.37 ,$229.87 ,$221.40 
8/1/16,$230.01 ,4014048,$235.50 ,$236.63 ,$229.38 
7/29/16,$234.79 ,3061574,$230.70 ,$235.28 ,$230.24 
7/28/16,$230.61 ,2415462,$227.95 ,$230.76 ,$226.60 
7/27/16,$228.49 ,2887028,$229.34 ,$233.36 ,$226.92 
7/26/16,$229.51 ,3427251,$227.69 ,$230 ,$225.30 
7/25/16,$230.01 ,4479483,$222.27 ,$231.39 ,$221.37 
7/22/16,$222.27 ,2570462,$221.99 ,$224.50 ,$218.88 
7/21/16,$220.50 ,4425756,$226 ,$227.85 ,$219.10 
7/20/16,$228.36 ,2556119,$226.47 ,$229.80 ,$225 
7/19/16,$225.26 ,3047535,$225 ,$229.10 ,$224.75 
7/18/16,$226.25 ,3394588,$219.64 ,$227.09 ,$218.30 
7/15/16,$220.40 ,2230821,$222.52 ,$222.75 ,$219.64 
7/14/16,$221.53 ,2657899,$223.12 ,$224.94 ,$221.05 
7/13/16,$222.53 ,3540699,$225.50 ,$225.59 ,$220.29 
7/12/16,$224.65 ,4573875,$224.10 ,$227.50 ,$223.22 
7/11/16,$224.78 ,5369066,$219.96 ,$226.78 ,$219.51 
7/8/16,$216.78 ,4067131,$217.80 ,$219.81 ,$214.50 
7/7/16,$215.94 ,3603385,$213.10 ,$218.12 ,$213.01 
7/6/16,$214.44 ,4910285,$210 ,$215.23 ,$209 
7/5/16,$213.98 ,5169832,$209.73 ,$214.54 ,$208 
7/1/16,$216.50 ,5396030,$206.14 ,$218.24 ,$206 
6/30/16,$212.28 ,4794440,$212.97 ,$213.50 ,$209.02 
6/29/16,$210.19 ,5987120,$205.13 ,$211.78 ,$203 
6/28/16,$201.79 ,6158996,$201.89 ,$204.05 ,$199.41 
6/27/16,$198.55 ,7211823,$190.86 ,$198.81 ,$187.87 
6/24/16,$193.15 ,6988949,$190.05 ,$195.12 ,$189.73 
6/23/16,$196.40 ,10098190,$195.69 ,$197.55 ,$192.13 
6/22/16,$196.66 ,23706100,$199.47 ,$205.95 ,$195.75 
6/21/16,$219.61 ,2855619,$220.68 ,$222.57 ,$218.81 
6/20/16,$219.70 ,3549768,$219.50 ,$223.75 ,$218.23 
6/17/16,$215.47 ,3107734,$217.81 ,$219.99 ,$214.50 
6/16/16,$217.93 ,2438692,$217.42 ,$218.04 ,$213.50 
6/15/16,$217.70 ,2905002,$216.95 ,$221.90 ,$215.13 
6/14/16,$214.96 ,3575822,$218.88 ,$222.20 ,$212.53 
6/13/16,$217.87 ,4187833,$219.50 ,$225.77 ,$217.66 
6/10/16,$218.79 ,5994548,$227.39 ,$227.97 ,$218.42 
6/9/16,$229.36 ,4454222,$234.98 ,$235.33 ,$227.06 
6/8/16,$235.52 ,5965110,$233.80 ,$240.85 ,$232.61 
6/7/16,$232.34 ,6194154,$222.24 ,$234.44 ,$221.52 
6/6/16,$220.68 ,2242634,$218 ,$220.90 ,$215.45 
6/3/16,$218.99 ,2226110,$220 ,$221.94 ,$218.01 
6/2/16,$218.96 ,2017279,$219.59 ,$219.91 ,$217.11 
6/1/16,$219.56 ,2982270,$221.48 ,$222.40 ,$216.89 
5/31/16,$223.23 ,2786682,$223.04 ,$224.75 ,$221.50 
5/27/16,$223.04 ,3645792,$224.99 ,$225.93 ,$220.75 
5/26/16,$225.12 ,4066512,$220.50 ,$225.26 ,$219.05 
5/25/16,$219.58 ,3131279,$217.91 ,$221.36 ,$216.51 
5/24/16,$217.91 ,3009327,$216.60 ,$218.74 ,$215.18 
5/23/16,$216.22 ,5096751,$219.87 ,$222.60 ,$215.86 
5/20/16,$220.28 ,8996546,$216.99 ,$220.55 ,$216.35 
5/19/16,$215.21 ,6817922,$213.62 ,$216.79 ,$207.30 
5/18/16,$211.17 ,5552692,$209.15 ,$215.31 ,$207.75 
5/17/16,$204.66 ,2842028,$209.05 ,$209.82 ,$204.02 
5/16/16,$208.29 ,2945754,$208.15 ,$213.15 ,$207.92 
5/13/16,$207.61 ,2820616,$207.78 ,$211.20 ,$206.70 
5/12/16,$207.28 ,3650075,$211.44 ,$211.67 ,$203.66 
5/11/16,$208.96 ,5159640,$207.59 ,$215.48 ,$206.05 
5/10/16,$208.69 ,4068053,$207.55 ,$209.47 ,$205 
5/9/16,$208.92 ,4772992,$215.72 ,$216.15 ,$206.80 
5/6/16,$214.93 ,5683675,$210.87 ,$216.37 ,$208.11 
5/5/16,$211.53 ,11248340,$228.46 ,$228.64 ,$209.79 
5/4/16,$222.56 ,8550004,$230.29 ,$234.46 ,$220.40 
5/3/16,$232.32 ,4296325,$237.36 ,$238.91 ,$231.62 
5/2/16,$241.80 ,3838958,$241.50 ,$243.19 ,$234.82 
4/29/16,$240.76 ,5405164,$248.14 ,$248.43 ,$237.81 
4/28/16,$247.71 ,2515595,$249.85 ,$253.43 ,$247.44 
4/27/16,$251.47 ,3198105,$252.75 ,$255 ,$249.40 
4/26/16,$253.74 ,3217779,$252.05 ,$255.73 ,$249.39 
4/25/16,$251.82 ,3665088,$253.01 ,$257.38 ,$250.76 
4/22/16,$253.75 ,3783126,$248.89 ,$254 ,$245.71 
4/21/16,$248.29 ,2777079,$248.99 ,$250.90 ,$246.91 
4/20/16,$249.97 ,5192343,$246.26 ,$253.66 ,$241.50 
4/19/16,$247.37 ,6351360,$253.12 ,$254.37 ,$241.25 
4/18/16,$253.88 ,4263246,$252.23 ,$258.31 ,$251.66 
4/15/16,$254.51 ,3748593,$251.31 ,$254.60 ,$249.12 
4/14/16,$251.86 ,4129258,$253 ,$256.84 ,$251.05 
4/13/16,$254.53 ,4921554,$248.51 ,$255.50 ,$247.33 
4/12/16,$247.82 ,5755351,$249.50 ,$251.80 ,$243.63 
4/11/16,$249.92 ,9156404,$251 ,$258.99 ,$245.30 
4/8/16,$250.07 ,7352707,$260.50 ,$260.82 ,$248.02 
4/7/16,$257.20 ,8845567,$266.45 ,$269.34 ,$254.51 
4/6/16,$265.42 ,11695760,$253.97 ,$267.74 ,$253.45 
4/5/16,$255.47 ,9931470,$240.50 ,$256.56 ,$240 
4/4/16,$246.99 ,13381160,$249.12 ,$252.12 ,$243.64 
4/1/16,$237.59 ,15979910,$244.83 ,$247.90 ,$233.25 
3/31/16,$229.77 ,7975638,$229.34 ,$237.42 ,$225.01 
3/30/16,$226.89 ,4025670,$235.09 ,$235.50 ,$226.50 
3/29/16,$230.13 ,4006037,$229.89 ,$232.38 ,$225.33 
3/28/16,$230.26 ,3878599,$231.61 ,$234.81 ,$225 
3/24/16,$227.75 ,4956604,$215.78 ,$228.89 ,$215 
3/23/16,$222.58 ,4936203,$232.37 ,$234.73 ,$222.03 
3/22/16,$234.24 ,4303052,$237.21 ,$238.99 ,$232.56 
3/21/16,$238.32 ,5289014,$235.34 ,$239.88 ,$235 
3/18/16,$232.74 ,4704761,$229.10 ,$234.48 ,$228.06 
3/17/16,$226.38 ,3769083,$221.47 ,$228.50 ,$220 
3/16/16,$221.93 ,3511873,$218 ,$222.58 ,$217.02 
3/15/16,$218.34 ,3133230,$214.27 ,$218.97 ,$211.50 
3/14/16,$215.15 ,4062304,$212.65 ,$216.72 ,$210.64 
3/11/16,$207.50 ,3339148,$207.93 ,$209.42 ,$205.33 
3/10/16,$205.18 ,5191602,$210 ,$213.29 ,$200.67 
3/9/16,$208.72 ,3207597,$204.52 ,$209.37 ,$202.79 
3/8/16,$202.60 ,4175498,$203.50 ,$207.50 ,$202.20 
3/7/16,$205.29 ,5331097,$197.68 ,$209.70 ,$197.40 
3/4/16,$201.04 ,6479858,$198 ,$204.03 ,$197.50 
3/3/16,$195.74 ,4822993,$188.28 ,$197.42 ,$184.22 
3/2/16,$188.34 ,4858631,$183.73 ,$188.52 ,$181.50 
3/1/16,$186.35 ,6695704,$194.25 ,$195.95 ,$182.70 
2/29/16,$191.93 ,4495402,$192.40 ,$196.35 ,$189.22 
2/26/16,$190.34 ,6054061,$188.70 ,$192 ,$185 
2/25/16,$187.43 ,5727008,$178.65 ,$188.52 ,$175.20 
2/24/16,$179 ,5385369,$172.75 ,$179.50 ,$167.84 
2/23/16,$177.21 ,5982993,$176.16 ,$181.73 ,$173.68 
2/22/16,$177.74 ,5055340,$170.12 ,$178.91 ,$169.85 
2/19/16,$166.58 ,2955832,$163.66 ,$167.49 ,$162.50 
2/18/16,$166.77 ,3883107,$172.42 ,$172.95 ,$164.77 
2/17/16,$168.68 ,5820264,$159 ,$169.34 ,$156.68 
2/16/16,$155.17 ,5561638,$158.70 ,$162.95 ,$154.11 
2/12/16,$151.04 ,7233264,$155 ,$157.01 ,$143.70 
2/11/16,$150.47 ,14236900,$152 ,$163.26 ,$147 
2/10/16,$143.67 ,10104690,$150.50 ,$154.97 ,$141.74 
2/9/16,$148.25 ,8639661,$142.32 ,$159.79 ,$141.05 
2/8/16,$147.99 ,9306754,$157.11 ,$157.15 ,$146 
2/5/16,$162.60 ,9434495,$171.30 ,$173 ,$157.74 
2/4/16,$175.33 ,4379442,$170.70 ,$175.98 ,$166.99 
2/3/16,$173.48 ,7927640,$183.59 ,$183.94 ,$170.18 
2/2/16,$182.78 ,5764817,$192.42 ,$193.12 ,$180.23 
2/1/16,$196.94 ,5295685,$188.76 ,$199.52 ,$182.75 
1/29/16,$191.20 ,2848929,$189.95 ,$193.74 ,$188.08 
1/28/16,$189.70 ,4586328,$190.79 ,$191.28 ,$182.41 
1/27/16,$188.07 ,3577353,$192.38 ,$193.26 ,$185.77 
1/26/16,$193.56 ,4956918,$196.70 ,$197.82 ,$188.88 
1/25/16,$196.38 ,2695408,$200.06 ,$203.57 ,$195.88 
1/22/16,$202.55 ,3122066,$204.80 ,$205.50 ,$199.03 
1/21/16,$199.97 ,3164424,$201.55 ,$203.23 ,$195.02 
1/20/16,$198.70 ,5826110,$199.40 ,$201.28 ,$191.25 
1/19/16,$204.72 ,4031271,$208.71 ,$210.47 ,$200.78 
1/15/16,$204.99 ,5325773,$198.97 ,$205.07 ,$197.25 
1/14/16,$206.18 ,6490579,$202.21 ,$210 ,$193.38 
1/13/16,$200.31 ,4120993,$212.01 ,$212.65 ,$200 
1/12/16,$209.97 ,3079051,$211.60 ,$213.74 ,$205.31 
1/11/16,$207.85 ,4090843,$214.01 ,$214.45 ,$203 
1/8/16,$211 ,3572360,$217.86 ,$220.44 ,$210.77 
1/7/16,$215.65 ,3550704,$214.19 ,$218.44 ,$213.67 
1/6/16,$219.04 ,3774353,$220 ,$220.05 ,$215.98 
1/5/16,$223.43 ,3185525,$226.36 ,$226.89 ,$220 
1/4/16,$223.41 ,6823510,$230.72 ,$231.38 ,$219 
12/31/15,$240.01 ,2713817,$238.51 ,$243.45 ,$238.37 
12/30/15,$238.09 ,3694448,$236.60 ,$243.63 ,$235.67 
12/29/15,$237.19 ,2402438,$230.06 ,$237.72 ,$229.55 
12/28/15,$228.95 ,1900171,$231.49 ,$231.98 ,$225.54 
12/24/15,$230.57 ,710277,$230.56 ,$231.88 ,$228.28 
12/23/15,$229.70 ,1551031,$232.18 ,$233.45 ,$228.13 
12/22/15,$229.95 ,1958836,$234.99 ,$236.55 ,$229.63 
12/21/15,$232.56 ,1951581,$231.69 ,$235.83 ,$231.08 
12/18/15,$230.46 ,3008057,$232.89 ,$235.90 ,$229.29 
12/17/15,$233.39 ,3294460,$233.94 ,$237.76 ,$229.81 
12/16/15,$234.51 ,5100443,$222.10 ,$234.88 ,$220.73 
12/15/15,$221.09 ,2241686,$221.82 ,$222.22 ,$218 
12/14/15,$218.58 ,2827797,$217.51 ,$220.92 ,$214.87 
12/11/15,$217.02 ,3259114,$225.24 ,$225.75 ,$216.64 
12/10/15,$227.07 ,2070088,$224.71 ,$228.49 ,$223.64 
12/9/15,$224.52 ,3057036,$226.70 ,$227.50 ,$220.72 
12/8/15,$226.72 ,2682259,$227.52 ,$228.80 ,$224.20 
12/7/15,$231.13 ,3140864,$227.70 ,$235.63 ,$226.15 
12/4/15,$230.38 ,2572014,$232.46 ,$233.27 ,$227.66 
12/3/15,$232.71 ,2937233,$235.48 ,$237.45 ,$230 
12/2/15,$231.99 ,2980644,$237 ,$238.60 ,$231.23 
12/1/15,$237.19 ,3728562,$231.06 ,$238 ,$231.05 
11/30/15,$230.26 ,2591205,$231.79 ,$234.28 ,$229.08 
11/27/15,$231.61 ,1949353,$231.06 ,$232.25 ,$227.01 
11/25/15,$229.64 ,3986945,$221.34 ,$230.83 ,$220.38 
11/24/15,$218.25 ,2478389,$215.37 ,$221 ,$215 
11/23/15,$217.75 ,2525196,$217.35 ,$219.18 ,$214.68 
11/20/15,$220.01 ,4394199,$223.49 ,$225 ,$213.58 
11/19/15,$221.80 ,2499593,$220.54 ,$226.19 ,$220.30 
11/18/15,$221.07 ,2810200,$214.50 ,$221.38 ,$212.52 
11/17/15,$214 ,2148326,$215.20 ,$216 ,$211.40 
11/16/15,$214.31 ,2920362,$206.09 ,$214.98 ,$205.80 
11/13/15,$207.19 ,3423139,$212.95 ,$212.99 ,$206.52 
11/12/15,$212.94 ,2913511,$217.85 ,$219 ,$212.66 
11/11/15,$219.08 ,3337501,$217.77 ,$219.48 ,$213.63 
11/10/15,$216.50 ,4612408,$223.48 ,$223.70 ,$216.08 
11/9/15,$225.33 ,3846179,$232.99 ,$232.99 ,$224.31 
11/6/15,$232.36 ,2444264,$230.70 ,$233.36 ,$229.50 
11/5/15,$231.77 ,4494944,$230.58 ,$234.58 ,$229.19 
11/4/15,$231.63 ,12713530,$227 ,$232.74 ,$225.20 
11/3/15,$208.35 ,8065091,$213.85 ,$214.44 ,$207.75 
11/2/15,$213.79 ,3924514,$208.92 ,$215.80 ,$207.22 
10/30/15,$206.93 ,4432433,$210.40 ,$211.63 ,$203.89 
10/29/15,$211.63 ,1794743,$211.75 ,$213.75 ,$210.64 
10/28/15,$212.96 ,2726880,$211.31 ,$213.45 ,$208.30 
10/27/15,$210.35 ,3512832,$214.84 ,$217.10 ,$207.51 
10/26/15,$215.26 ,3388227,$211.38 ,$215.88 ,$210 
10/23/15,$209.09 ,4226411,$215 ,$215.35 ,$207.69 
10/22/15,$211.72 ,2818801,$211.56 ,$215.75 ,$209.40 
10/21/15,$210.09 ,4177956,$211.99 ,$214.81 ,$208.80 
10/20/15,$213.03 ,14877020,$227.72 ,$228.60 ,$202 
10/19/15,$228.10 ,2506836,$226.50 ,$231.15 ,$224.94 
10/16/15,$227.01 ,4327574,$223.04 ,$230.48 ,$222.87 
10/15/15,$221.31 ,2835920,$216.43 ,$221.73 ,$213.70 
10/14/15,$216.88 ,3094436,$220.67 ,$220.95 ,$215.43 
10/13/15,$219.25 ,5168162,$213.28 ,$222.52 ,$211.13 
10/12/15,$215.58 ,3816171,$222.99 ,$223 ,$215.27 
10/9/15,$220.69 ,6153754,$220.93 ,$224.37 ,$218.36 
10/8/15,$226.72 ,6125994,$230.08 ,$230.72 ,$221.31 
10/7/15,$231.96 ,6804433,$236.63 ,$237.70 ,$229.12 
10/6/15,$241.46 ,5234679,$240 ,$243.03 ,$235.58 
10/5/15,$246.15 ,3684490,$248.84 ,$249.84 ,$244.13 
10/2/15,$247.57 ,4407615,$235.60 ,$247.70 ,$234.93 
10/1/15,$239.88 ,4568261,$247.51 ,$248.50 ,$237.13 
9/30/15,$248.40 ,4925751,$252 ,$252.40 ,$242.34 
9/29/15,$246.65 ,3695972,$250.46 ,$254.73 ,$245.46 
9/28/15,$248.43 ,4893113,$257.35 ,$259.79 ,$246.61 
9/25/15,$256.91 ,3771395,$266.61 ,$266.91 ,$256.15 
9/24/15,$263.12 ,3442668,$259.53 ,$263.45 ,$256.21 
9/23/15,$261.06 ,2597170,$261.95 ,$262.08 ,$257.58 
9/22/15,$260.94 ,3660643,$259.03 ,$262.65 ,$255.87 
9/21/15,$264.20 ,6114615,$263.98 ,$271.57 ,$255.80 
9/18/15,$260.62 ,3760644,$257.96 ,$263.82 ,$257.50 
9/17/15,$262.07 ,3575221,$263.96 ,$265.50 ,$260.69 
9/16/15,$262.25 ,4405706,$253.04 ,$262.88 ,$252.88 
9/15/15,$253.57 ,2931607,$252.75 ,$254.60 ,$249.50 
9/14/15,$253.19 ,2885610,$251.10 ,$254.25 ,$249.67 
9/11/15,$250.24 ,2346802,$247.64 ,$250.24 ,$244.73 
9/10/15,$248.48 ,2706874,$247.23 ,$250.72 ,$245.33 
9/9/15,$248.91 ,3384981,$252.05 ,$254.25 ,$248.30 
9/8/15,$248.17 ,3129871,$245.05 ,$249.16 ,$244.05 
9/4/15,$241.93 ,3687456,$240.89 ,$244.09 ,$238.20 
9/3/15,$245.57 ,4184808,$252.06 ,$252.08 ,$245 
9/2/15,$247.69 ,4590857,$245.30 ,$247.88 ,$239.78 
9/1/15,$238.63 ,5443901,$240.34 ,$246 ,$236.97 
8/31/15,$249.06 ,4688373,$245.62 ,$254.95 ,$245.51 
8/28/15,$248.48 ,5507336,$241.86 ,$251.45 ,$241.57 
8/27/15,$242.99 ,7645773,$231 ,$244.75 ,$230.81 
8/26/15,$224.84 ,4951300,$227.93 ,$228 ,$215.51 
8/25/15,$220.03 ,4313679,$230.52 ,$230.90 ,$219.12 
8/24/15,$218.87 ,9562484,$202.79 ,$231.40 ,$195 
8/21/15,$230.77 ,6578435,$236 ,$243.80 ,$230.51 
8/20/15,$242.18 ,4892170,$252.06 ,$254.56 ,$241.90 
8/19/15,$255.25 ,3598937,$260.33 ,$260.65 ,$255.02 
8/18/15,$260.72 ,4186051,$255.38 ,$260.95 ,$253.56 
8/17/15,$254.99 ,7168396,$255.56 ,$256.59 ,$250.51 
8/14/15,$243.15 ,4360693,$247.24 ,$247.93 ,$241.77 
8/13/15,$242.51 ,4683330,$239.86 ,$246.48 ,$239.12 
8/12/15,$238.17 ,3730138,$235 ,$239.77 ,$232.74 
8/11/15,$237.37 ,4260892,$237.15 ,$239.30 ,$234.44 
8/10/15,$241.14 ,4179307,$238.15 ,$242.97 ,$236.05 
8/7/15,$242.51 ,5069602,$243.58 ,$243.73 ,$238.39 
8/6/15,$246.13 ,14617820,$249.54 ,$255 ,$236.12 
8/5/15,$270.13 ,5969245,$263.58 ,$271 ,$260.40 
8/4/15,$266.28 ,2336152,$260.01 ,$266.72 ,$258.34 
8/3/15,$259.99 ,2547164,$266.29 ,$266.71 ,$257.07 
7/31/15,$266.15 ,2218004,$267.60 ,$269.36 ,$265.12 
7/30/15,$266.79 ,2030605,$262.69 ,$266.94 ,$262.11 
7/29/15,$263.82 ,2782886,$264.27 ,$267.89 ,$262 
7/28/15,$264.82 ,3879330,$255.75 ,$265.40 ,$251.84 
7/27/15,$253.01 ,4688874,$262.43 ,$264.43 ,$250.79 
7/24/15,$265.41 ,2834521,$267.38 ,$271.09 ,$263.92 
7/23/15,$267.20 ,2222481,$269.65 ,$269.90 ,$265.27 
7/22/15,$267.87 ,3097326,$261.27 ,$269.44 ,$260.86 
7/21/15,$266.77 ,6091632,$270.05 ,$273.50 ,$266.55 
7/20/15,$282.26 ,4969754,$275 ,$286.65 ,$272.54 
7/17/15,$274.66 ,4996689,$272.50 ,$275.54 ,$268.25 
7/16/15,$266.68 ,1598253,$264.22 ,$267.20 ,$263.16 
7/15/15,$263.14 ,2006860,$266.74 ,$267.49 ,$262.08 
7/14/15,$265.65 ,1905569,$262.10 ,$265.99 ,$260.51 
7/13/15,$262.16 ,2951397,$262.25 ,$262.55 ,$256.05 
7/10/15,$259.15 ,2605215,$262.22 ,$263 ,$257.82 
7/9/15,$257.92 ,3329764,$259.08 ,$262.95 ,$256.79 
7/8/15,$254.96 ,6212610,$259.32 ,$260.80 ,$254.31 
7/7/15,$267.88 ,6096385,$275 ,$275.20 ,$260.77 
7/6/15,$279.72 ,4109259,$278.88 ,$281.69 ,$276.30 
7/2/15,$280.02 ,7155585,$280.20 ,$282.45 ,$273.31 
7/1/15,$269.15 ,2100019,$271.11 ,$272.62 ,$267.85 
6/30/15,$268.26 ,3084435,$264.80 ,$270.92 ,$264 
6/29/15,$262.02 ,3471452,$261.95 ,$265.95 ,$260.70 
6/26/15,$267.09 ,3829660,$268.89 ,$269.11 ,$266 
6/25/15,$268.79 ,2844993,$266.45 ,$271.41 ,$265.25 
6/24/15,$265.17 ,2411492,$266.98 ,$267.35 ,$263.72 
6/23/15,$267.67 ,3864602,$260.32 ,$268 ,$258.57 
6/22/15,$259.79 ,4559072,$262.15 ,$264.40 ,$255.69 
6/19/15,$262.51 ,2458900,$262.40 ,$263.80 ,$260.10 
6/18/15,$261.89 ,2781441,$262 ,$263.46 ,$260.02 
6/17/15,$260.41 ,5500560,$252.17 ,$264.36 ,$252.02 
6/16/15,$253.12 ,1980918,$250.13 ,$253.44 ,$249.10 
6/15/15,$250.38 ,2182932,$249.70 ,$251.28 ,$246.01 
6/12/15,$250.69 ,1418457,$250.21 ,$253.46 ,$250.21 
6/11/15,$251.41 ,2040973,$253.26 ,$254.37 ,$250.43 
6/10/15,$250.70 ,3452631,$251.90 ,$254 ,$248.50 
6/9/15,$256 ,2596059,$255.40 ,$257.74 ,$254.14 
6/8/15,$256.29 ,5006944,$250.85 ,$258.75 ,$250.31 
6/5/15,$249.14 ,3019837,$246 ,$249.70 ,$245.68 
6/4/15,$245.92 ,2425588,$247.50 ,$249.30 ,$245.71 
6/3/15,$248.99 ,1778102,$248.20 ,$250.72 ,$247.01 
6/2/15,$248.35 ,2129438,$248.92 ,$249.40 ,$246.30 
6/1/15,$249.45 ,2502238,$251.41 ,$251.60 ,$247.47 
5/29/15,$250.80 ,3785112,$251 ,$252.87 ,$249.43 
5/28/15,$251.45 ,3646063,$247.03 ,$251.80 ,$245.05 
5/27/15,$247.43 ,3403988,$248.51 ,$249.50 ,$245.55 
5/26/15,$247.46 ,3490996,$247.68 ,$252 ,$246.50 
5/22/15,$247.73 ,2219309,$245.38 ,$248.60 ,$245.01 
5/21/15,$245.62 ,1966567,$243.03 ,$246.62 ,$242.36 
5/20/15,$244.35 ,3749479,$247.13 ,$247.74 ,$241.37 
5/19/15,$247.14 ,3668199,$248.43 ,$251 ,$246.15 
5/18/15,$248.75 ,3349931,$247 ,$249.90 ,$246 
5/15/15,$248.84 ,4519337,$243.93 ,$249.40 ,$242.50 
5/14/15,$244.10 ,2847083,$244.82 ,$244.89 ,$241.25 
5/13/15,$243.18 ,5432689,$247.61 ,$248.30 ,$242.25 
5/12/15,$244.74 ,6345797,$240.11 ,$246.35 ,$238.19 
5/11/15,$239.49 ,5663800,$236.29 ,$242.88 ,$235.31 
5/8/15,$236.61 ,4665445,$235.99 ,$238.41 ,$233.70 
5/7/15,$236.80 ,9439902,$221 ,$237.48 ,$220.25 
5/6/15,$230.43 ,5083776,$234.10 ,$234.47 ,$228.20 
5/5/15,$232.95 ,5782731,$237.76 ,$239.50 ,$229.13 
5/4/15,$230.51 ,4427259,$228.18 ,$234.73 ,$227.11 
5/1/15,$226.03 ,5276924,$229.94 ,$231.77 ,$220.41 
4/30/15,$226.05 ,3892230,$230.39 ,$232.89 ,$225.17 
4/29/15,$232.45 ,3931287,$230.05 ,$234.97 ,$227.63 
4/28/15,$230.48 ,6080178,$234.75 ,$235.50 ,$228.03 
4/27/15,$231.55 ,11659100,$222.56 ,$238.75 ,$222 
4/24/15,$218.43 ,2426356,$220.50 ,$220.80 ,$218.01 
4/23/15,$218.60 ,4408384,$218.27 ,$221.48 ,$217.15 
4/22/15,$219.44 ,7855513,$212.50 ,$221.88 ,$211.69 
4/21/15,$209.41 ,3416177,$205.80 ,$210.75 ,$204.31 
4/20/15,$205.27 ,2558913,$206.78 ,$207.85 ,$203.85 
4/17/15,$206.79 ,2465551,$204.99 ,$206.88 ,$203.50 
4/16/15,$206.70 ,1657018,$207.70 ,$209.17 ,$206.29 
4/15/15,$207.83 ,1943802,$207.46 ,$209.59 ,$206.60 
4/14/15,$207.46 ,3019087,$208.57 ,$209.49 ,$205.50 
4/13/15,$209.78 ,3757220,$210.44 ,$213 ,$209.05 
4/10/15,$210.90 ,4020850,$209.85 ,$211.65 ,$209 
4/9/15,$210.09 ,3779853,$208.43 ,$210.37 ,$206.12 
4/8/15,$207.67 ,6279713,$208.20 ,$210.90 ,$205.87 
4/7/15,$203.25 ,4340295,$202.51 ,$205.06 ,$201.14 
4/6/15,$203.10 ,12422770,$198 ,$207.75 ,$197.50 
4/2/15,$191 ,5004742,$190.23 ,$193.23 ,$190 
4/1/15,$187.59 ,3791479,$188.70 ,$192.30 ,$186.05 
3/31/15,$188.77 ,5017950,$193.53 ,$193.76 ,$188.41 
3/30/15,$190.57 ,10062310,$185.85 ,$192.25 ,$181.80 
3/27/15,$185 ,8596563,$189.07 ,$189.29 ,$181.40 
3/26/15,$190.41 ,4120184,$193.92 ,$194.79 ,$189.70 
3/25/15,$194.30 ,5721582,$198.27 ,$198.59 ,$192.70 
3/24/15,$201.72 ,3640866,$201.58 ,$203.79 ,$199.75 
3/23/15,$199.63 ,2622492,$198.50 ,$200.50 ,$197.47 
3/20/15,$198.08 ,4250076,$197.45 ,$198.99 ,$195.62 
3/19/15,$195.65 ,8468846,$202 ,$204.59 ,$194.53 
3/18/15,$200.71 ,4796873,$194.96 ,$200.88 ,$193.11 
3/17/15,$194.73 ,4890265,$195.43 ,$198.71 ,$193.94 
3/16/15,$195.70 ,5617028,$192 ,$195.91 ,$189.80 
3/13/15,$188.68 ,5421293,$188.95 ,$191.75 ,$187.32 
3/12/15,$191.07 ,4139769,$193.75 ,$194.45 ,$189.75 
3/11/15,$193.74 ,4968406,$191.15 ,$196.18 ,$191.01 
3/10/15,$190.32 ,5539041,$188.46 ,$193.50 ,$187.60 
3/9/15,$190.88 ,6732511,$194.39 ,$194.49 ,$188.25 
3/6/15,$193.88 ,6705451,$199.21 ,$200.75 ,$192.15 
3/5/15,$200.63 ,4870131,$202.85 ,$206.19 ,$200.15 
3/4/15,$202.44 ,4215255,$199.25 ,$202.52 ,$197.21 
3/3/15,$199.56 ,4430800,$196.81 ,$200.24 ,$195.32 
3/2/15,$197.33 ,7910402,$202.70 ,$203.34 ,$195.83 
2/27/15,$203.34 ,3871397,$206.90 ,$208.55 ,$202.80 
2/26/15,$207.19 ,6468020,$204 ,$211.09 ,$202.22 
2/25/15,$203.76 ,3907505,$204.94 ,$207.14 ,$202.58 
2/24/15,$204.11 ,6587298,$207.29 ,$207.29 ,$201.70 
2/23/15,$207.34 ,8487131,$215.66 ,$218.20 ,$206.33 
2/20/15,$217.11 ,5978376,$210.78 ,$217.60 ,$209.81 
2/19/15,$211.71 ,5137203,$205 ,$212.44 ,$203.75 
2/18/15,$204.46 ,2710898,$204.17 ,$206.17 ,$202.60 
2/17/15,$204.35 ,3964555,$205.70 ,$205.70 ,$201.50 
2/13/15,$203.77 ,6148207,$202.90 ,$205.99 ,$200.91 
2/12/15,$202.88 ,15626830,$193.57 ,$203.09 ,$193.28 
2/11/15,$212.80 ,9053083,$212.21 ,$214.74 ,$207.28 
2/10/15,$216.29 ,5348862,$217.55 ,$220.50 ,$215 
2/9/15,$217.48 ,3469776,$215.38 ,$217.93 ,$211.99 
2/6/15,$217.36 ,3235856,$222 ,$223.40 ,$216.50 
2/5/15,$220.99 ,3518316,$219.88 ,$225.48 ,$219.64 
2/4/15,$218.55 ,3304417,$218.29 ,$221.48 ,$216.80 
2/3/15,$218.36 ,4815834,$213.22 ,$220.37 ,$211.27 
2/2/15,$210.94 ,4143850,$203.97 ,$211.95 ,$203.30 
1/30/15,$203.60 ,3001268,$203.96 ,$207.47 ,$203 
1/29/15,$205.20 ,3542577,$201.07 ,$205.98 ,$196.50 
1/28/15,$199.37 ,3139481,$206.11 ,$206.37 ,$198.42 
1/27/15,$205.98 ,2777926,$204.42 ,$208.03 ,$203.30 
1/26/15,$206.55 ,3231121,$201.83 ,$208.62 ,$201.05 
1/23/15,$201.29 ,3441052,$200.29 ,$203.50 ,$198.33 
1/22/15,$201.62 ,4103753,$197 ,$203.24 ,$195.20 
1/21/15,$196.57 ,4144121,$189.55 ,$198.68 ,$189.51 
1/20/15,$191.93 ,4490681,$193.87 ,$194.12 ,$187.04 
1/16/15,$193.07 ,3590855,$190.70 ,$194.49 ,$189.65 
1/15/15,$191.87 ,5204777,$194.49 ,$195.75 ,$190 
1/14/15,$192.69 ,11516340,$185.83 ,$195.20 ,$185 
1/13/15,$204.25 ,4247704,$203.32 ,$207.61 ,$200.91 
1/12/15,$202.21 ,5945607,$203.05 ,$204.47 ,$199.25 
1/9/15,$206.66 ,4591310,$208.92 ,$209.98 ,$204.96 
1/8/15,$210.62 ,3434901,$212.81 ,$213.80 ,$210.01 
1/7/15,$210.95 ,2965330,$213.35 ,$214.78 ,$209.78 
1/6/15,$211.28 ,6257651,$210.06 ,$214.20 ,$204.21 
1/5/15,$210.09 ,5355485,$214.55 ,$216.50 ,$207.16 
1/2/15,$219.31 ,4753239,$222.87 ,$223.25 ,$213.26 
12/31/14,$222.41 ,2392947,$223.09 ,$225.68 ,$222.25 
12/30/14,$222.23 ,2898272,$223.99 ,$225.65 ,$221.40 
12/29/14,$225.71 ,2802982,$226.90 ,$227.91 ,$224.02 
12/26/14,$227.82 ,3324437,$221.51 ,$228.50 ,$221.50 
12/24/14,$222.26 ,1333518,$219.77 ,$222.50 ,$219.25 
12/23/14,$220.97 ,4509545,$223.81 ,$224.32 ,$219.52 
12/22/14,$222.60 ,4802547,$220 ,$224.06 ,$218.26 
12/19/14,$219.29 ,6902061,$220.19 ,$220.40 ,$214.50 
12/18/14,$218.26 ,7465122,$212.38 ,$218.44 ,$211.80 
12/17/14,$205.82 ,7363036,$193.06 ,$206.65 ,$192.65 
12/16/14,$197.81 ,8416179,$200.89 ,$203.68 ,$195.37 
12/15/14,$204.04 ,5195647,$209.29 ,$209.80 ,$202.67 
12/12/14,$207 ,7167174,$204.82 ,$211.68 ,$204.50 
12/11/14,$208.88 ,6684459,$210.53 ,$215.43 ,$208.23 
12/10/14,$209.84 ,7308173,$214.13 ,$216.77 ,$207.70 
12/9/14,$216.89 ,9427065,$209.34 ,$217.73 ,$204.27 
12/8/14,$214.36 ,9217376,$221.54 ,$224.86 ,$212.34 
12/5/14,$223.71 ,6061390,$228.67 ,$229.39 ,$222.26 
12/4/14,$228.28 ,3862801,$228.60 ,$230.90 ,$227.81 
12/3/14,$229.30 ,5299675,$226.25 ,$229.72 ,$225.50 
12/2/14,$231.43 ,5871559,$234.57 ,$234.88 ,$228 
12/1/14,$231.64 ,8603799,$241.16 ,$242.47 ,$229.01 
11/28/14,$244.52 ,2119688,$245.35 ,$246.69 ,$242.52 
11/26/14,$248.44 ,1980832,$248.34 ,$249 ,$246.60 
11/25/14,$248.09 ,3154710,$247.35 ,$249.72 ,$246.09 
11/24/14,$246.72 ,4780202,$245.20 ,$247.60 ,$240.64 
11/21/14,$242.78 ,7462672,$252.21 ,$252.78 ,$242.17 
11/20/14,$248.71 ,3583496,$247.95 ,$250.93 ,$246 
11/19/14,$247.74 ,7912956,$250.61 ,$251.88 ,$245.60 
11/18/14,$257.70 ,4467427,$255.86 ,$259.99 ,$255.51 
11/17/14,$253.98 ,4017356,$257.49 ,$259 ,$252.02 
11/14/14,$258.68 ,6093385,$250 ,$258.85 ,$248.50 
11/13/14,$251.70 ,6230288,$250.62 ,$255.75 ,$250.25 
11/12/14,$249.10 ,5861639,$249.72 ,$252.34 ,$245.58 
11/11/14,$251.08 ,7946898,$242.55 ,$251.82 ,$242 
11/10/14,$241.93 ,4563814,$239.11 ,$242.88 ,$236.80 
11/7/14,$240.20 ,5154893,$242.19 ,$242.84 ,$237.20 
11/6/14,$241.22 ,15336550,$234.49 ,$246.69 ,$228.50 
11/5/14,$230.97 ,8497418,$241 ,$241.36 ,$230.53 
11/4/14,$238.93 ,3673632,$240.49 ,$242.35 ,$236.53 
11/3/14,$242.59 ,4203208,$243 ,$247.56 ,$241.32 
10/31/14,$241.70 ,3765160,$242.51 ,$243.12 ,$238.75 
10/30/14,$238.66 ,3225881,$238.14 ,$240.50 ,$235.06 
10/29/14,$238.10 ,4961013,$241.13 ,$241.50 ,$235.64 
10/28/14,$242.77 ,10443900,$229.60 ,$244.60 ,$228.25 
10/27/14,$221.67 ,9532988,$234.25 ,$234.61 ,$220.31 
10/24/14,$235.24 ,3458805,$236.27 ,$237.80 ,$231.20 
10/23/14,$235.29 ,3486305,$234.66 ,$236.28 ,$232 
10/22/14,$231.10 ,4116243,$233.19 ,$237.39 ,$230.56 
10/21/14,$235.34 ,4106596,$234.27 ,$235.39 ,$230.80 
10/20/14,$230.47 ,3489785,$226.72 ,$232.40 ,$225.51 
10/17/14,$227.48 ,10547970,$233.38 ,$234.77 ,$226.55 
10/16/14,$226.35 ,5393830,$219.72 ,$229.92 ,$219.10 
10/15/14,$229.70 ,9118331,$220 ,$230.99 ,$217.32 
10/14/14,$227.06 ,7099492,$228.25 ,$232.47 ,$223 
10/13/14,$224.59 ,11251400,$238.57 ,$238.96 ,$221 
10/10/14,$236.91 ,12885920,$244.64 ,$245.89 ,$235.20 
10/9/14,$257.01 ,7339097,$262.25 ,$265.54 ,$254.40 
10/8/14,$259.28 ,5046873,$260.10 ,$262.88 ,$252.64 
10/7/14,$259.57 ,4478558,$258.53 ,$261.46 ,$255.73 
10/6/14,$260.62 ,7706193,$259.13 ,$262.49 ,$257.80 
10/3/14,$255.21 ,5403599,$253.06 ,$256.50 ,$251.03 
10/2/14,$251.42 ,8988300,$250.20 ,$252.79 ,$245.36 
10/1/14,$240.24 ,5940566,$242.20 ,$242.66 ,$235.65 
9/30/14,$242.68 ,4236096,$246.92 ,$247.65 ,$240.12 
9/29/14,$245.26 ,4851868,$244 ,$248.64 ,$241.38 
9/26/14,$246.60 ,3794912,$248.25 ,$249.73 ,$246.07 
9/25/14,$246.95 ,4832853,$252.52 ,$254.96 ,$246.10 
9/24/14,$252.14 ,3745005,$251.12 ,$252.84 ,$247.04 
9/23/14,$250.41 ,5656567,$245.22 ,$253.80 ,$245 
9/22/14,$250.03 ,8209186,$255 ,$256.02 ,$244.71 
9/19/14,$259.32 ,6800975,$257.99 ,$261.43 ,$255.27 
9/18/14,$263.82 ,3689477,$263.36 ,$265.60 ,$262.32 
9/17/14,$261.38 ,5172994,$262.41 ,$264.70 ,$259.50 
9/16/14,$260.74 ,8297454,$255.15 ,$262.46 ,$252.42 
9/15/14,$253.86 ,16433840,$274.37 ,$274.40 ,$249.13 
9/12/14,$279.20 ,3323300,$280.50 ,$282.39 ,$277 
9/11/14,$280.31 ,3761617,$280.46 ,$284.79 ,$278.63 
9/10/14,$281.10 ,3776593,$279.50 ,$281.41 ,$273.66 
9/9/14,$278.48 ,4556123,$282.99 ,$285.49 ,$277 
9/8/14,$282.11 ,5495160,$277.62 ,$284.88 ,$277.52 
9/5/14,$277.39 ,11163820,$282.55 ,$282.90 ,$272.51 
9/4/14,$286.04 ,8266173,$284.01 ,$291.42 ,$280.40 
9/3/14,$281.19 ,6766420,$287.67 ,$288 ,$280.10 
9/2/14,$284.12 ,9782339,$275.50 ,$284.89 ,$274.30 
8/29/14,$269.70 ,6436176,$268.70 ,$272 ,$267.51 
8/28/14,$263.86 ,2843648,$261.89 ,$264.48 ,$261.64 
8/27/14,$263.25 ,2983830,$263.50 ,$264.24 ,$260.29 
8/26/14,$261.74 ,3812541,$264.98 ,$265.50 ,$261.66 
8/25/14,$262.55 ,4304272,$258.19 ,$263.68 ,$258.19 
8/22/14,$256.78 ,2833061,$254.54 ,$256.95 ,$252.61 
8/21/14,$254.34 ,2910671,$256.52 ,$258.80 ,$253.26 
8/20/14,$255.71 ,3012856,$254.67 ,$258.74 ,$253 
8/19/14,$256.76 ,5332746,$258.87 ,$259.33 ,$251.62 
8/18/14,$259.94 ,5830865,$263.25 ,$267.26 ,$259.75 
8/15/14,$262.01 ,3855470,$261.48 ,$262.09 ,$258.50 
8/14/14,$261.38 ,4116762,$262.49 ,$263 ,$256.50 
8/13/14,$260.31 ,6896614,$262.01 ,$265.64 ,$259.61 
8/12/14,$259.96 ,6375347,$258.08 ,$260.30 ,$254.58 
8/11/14,$259.32 ,8062178,$255.48 ,$263.74 ,$255 
8/8/14,$248.13 ,5087861,$251.16 ,$251.76 ,$246.50 
8/7/14,$252.39 ,7446499,$250.12 ,$256.69 ,$249.12 
8/6/14,$248.93 ,9215111,$238.90 ,$251.42 ,$238.58 
8/5/14,$238.49 ,5374539,$237.47 ,$242.99 ,$235.69 
8/4/14,$238.52 ,5958085,$234.38 ,$240.50 ,$233.27 
8/1/14,$233.27 ,11890160,$226.09 ,$237.50 ,$226 
7/31/14,$223.30 ,7578882,$229.26 ,$231.40 ,$221.50 
7/30/14,$228.92 ,4913849,$221.92 ,$229.60 ,$221.04 
7/29/14,$225.01 ,3379790,$226.61 ,$228.30 ,$224.86 
7/28/14,$224.82 ,6500081,$224.25 ,$232 ,$221.40 
7/25/14,$223.57 ,3086412,$222.72 ,$226.97 ,$221.75 
7/24/14,$223.54 ,3112168,$223.25 ,$225.10 ,$220.80 
7/23/14,$222.49 ,3076389,$220.01 ,$224.75 ,$219.43 
7/22/14,$219.58 ,2726970,$222.19 ,$223.30 ,$219.11 
7/21/14,$220.54 ,3820853,$217.25 ,$223.21 ,$216.72 
7/18/14,$220.02 ,4251431,$215.95 ,$221.21 ,$215.93 
7/17/14,$215.40 ,4647517,$216.16 ,$220.55 ,$213.60 
7/16/14,$217.16 ,4041669,$221.82 ,$224.80 ,$216.82 
7/15/14,$219.58 ,5714611,$226.73 ,$227.65 ,$218.10 
7/14/14,$226.70 ,7197985,$219.99 ,$228.79 ,$215.45 
7/11/14,$218.13 ,3299420,$220.61 ,$221.60 ,$217.60 
7/10/14,$219.46 ,4860182,$217.18 ,$222.22 ,$216.04 
7/9/14,$223.06 ,4109200,$221.27 ,$224.22 ,$219.21 
7/8/14,$219.07 ,7835876,$218.65 ,$220.96 ,$214.27 
7/7/14,$222.66 ,5890031,$227.50 ,$229.78 ,$220.40 
7/3/14,$229.25 ,5166716,$231.29 ,$231.90 ,$224 
7/2/14,$229.43 ,8023360,$240.66 ,$242.33 ,$227.07 
7/1/14,$239.72 ,4335572,$242.46 ,$243.44 ,$238.70 
6/30/14,$240.06 ,4827429,$239.55 ,$244.49 ,$239 
6/27/14,$239.06 ,5630478,$234.69 ,$240 ,$234.50 
6/26/14,$235.60 ,5115863,$237.17 ,$240.40 ,$234.21 
6/25/14,$236.89 ,5797647,$233.05 ,$237.55 ,$230.24 
6/24/14,$232.50 ,8072941,$238.97 ,$241.88 ,$231.63 
6/23/14,$237.22 ,7786840,$229.51 ,$238.99 ,$228.22 
6/20/14,$229.59 ,4833831,$228.52 ,$231.29 ,$226.20 
6/19/14,$227.79 ,8787412,$228.88 ,$235.31 ,$227 
6/18/14,$227.12 ,6935728,$231.50 ,$231.71 ,$226.12 
6/17/14,$231.67 ,13245010,$224.11 ,$235.54 ,$222.85 
6/16/14,$224.61 ,13179430,$206.76 ,$225.49 ,$206.26 
6/13/14,$206.42 ,3538580,$204.78 ,$206.79 ,$201.58 
6/12/14,$203.52 ,5990869,$205.10 ,$209.88 ,$202.71 
6/11/14,$204.47 ,3972835,$201.50 ,$205 ,$199.25 
6/10/14,$202.30 ,3512577,$204.43 ,$206.97 ,$201.55 
6/9/14,$205.31 ,2797244,$207.95 ,$209.99 ,$204.20 
6/6/14,$208.17 ,3072420,$209.75 ,$210.81 ,$207.18 
6/5/14,$206.90 ,4050298,$204.47 ,$209.20 ,$204.05 
6/4/14,$203.99 ,3426272,$204.35 ,$206.26 ,$200.40 
6/3/14,$204.94 ,3851031,$203.49 ,$208 ,$202.59 
6/2/14,$204.70 ,4652328,$207.33 ,$209.35 ,$201.67 
5/30/14,$207.77 ,5575300,$210.30 ,$214.80 ,$207.02 
5/29/14,$210.24 ,3689058,$210.57 ,$212.49 ,$207.72 
5/28/14,$210.24 ,5493348,$210.02 ,$212.77 ,$205.26 
5/27/14,$211.56 ,5341031,$208.52 ,$213.87 ,$207.70 
5/23/14,$207.30 ,4006375,$204.53 ,$207.76 ,$202.50 
5/22/14,$204.88 ,6211225,$200.35 ,$206.88 ,$199.56 
5/21/14,$199.45 ,5279959,$196.18 ,$199.87 ,$194.79 
5/20/14,$195.30 ,5543292,$196.94 ,$199.33 ,$193.07 
5/19/14,$196.09 ,4561228,$190.72 ,$196.89 ,$190 
5/16/14,$191.56 ,4483793,$188.95 ,$192.04 ,$187.72 
5/15/14,$188.59 ,6034175,$189.98 ,$192.66 ,$185.30 
5/14/14,$190.62 ,5406485,$188.95 ,$193.48 ,$187.10 
5/13/14,$190.16 ,7084879,$183.76 ,$191.34 ,$183 
5/12/14,$184.67 ,6993022,$183.87 ,$187.19 ,$179.88 
5/9/14,$182.26 ,8479005,$179.86 ,$183.40 ,$177.22 
5/8/14,$178.59 ,20019100,$182 ,$194.40 ,$178 
5/7/14,$201.35 ,9790232,$209.64 ,$210.20 ,$197.25 
5/6/14,$207.28 ,5620063,$216.60 ,$218.66 ,$206.85 
5/5/14,$216.61 ,5141376,$209.48 ,$217.69 ,$208.52 
5/2/14,$210.91 ,4082110,$208.60 ,$211.36 ,$206.52 
5/1/14,$207.73 ,5435136,$207.08 ,$214.02 ,$205.69 
4/30/14,$207.89 ,4432163,$203.60 ,$208.16 ,$201.28 
4/29/14,$206.92 ,5777233,$198.21 ,$207.15 ,$195.53 
4/28/14,$198.51 ,7033657,$200 ,$203.79 ,$190.50 
4/25/14,$199.85 ,6981460,$202 ,$206.70 ,$197.65 
4/24/14,$207.86 ,5491680,$210.81 ,$212.80 ,$203.20 
4/23/14,$207.99 ,7268439,$216.33 ,$216.74 ,$207 
4/22/14,$218.64 ,9794687,$206.36 ,$219.33 ,$205.01 
4/21/14,$204.38 ,5253883,$197.08 ,$206.20 ,$194 
4/17/14,$198.12 ,5924244,$199.61 ,$202.29 ,$194.08 
4/16/14,$199.11 ,7191261,$197 ,$199.99 ,$190.82 
4/15/14,$193.91 ,13653420,$199.09 ,$199.29 ,$184.32 
4/14/14,$198.09 ,7685123,$207.60 ,$208.44 ,$194.41 
4/11/14,$203.78 ,9065584,$200.61 ,$207 ,$198.60 
4/10/14,$204.19 ,7187816,$216.82 ,$217.50 ,$203.79 
4/9/14,$216.93 ,5139881,$216.76 ,$218.45 ,$210.89 
4/8/14,$215.46 ,6874813,$210.05 ,$216.49 ,$206.42 
4/7/14,$207.52 ,9828543,$205.81 ,$216.20 ,$203.51 
4/4/14,$212.23 ,11320310,$226.01 ,$228.27 ,$211.25 
4/3/14,$225.40 ,10908080,$230.30 ,$235.73 ,$222 
4/2/14,$230.29 ,10738310,$220 ,$230.89 ,$218.05 
4/1/14,$216.97 ,7353574,$209.02 ,$218.16 ,$208.58 
3/31/14,$208.45 ,8367389,$216.50 ,$216.75 ,$206.39 
3/28/14,$212.37 ,9666658,$212.80 ,$216.72 ,$210.27 
3/27/14,$207.32 ,9493537,$212.37 ,$213.60 ,$203 
3/26/14,$212.96 ,6886279,$221.95 ,$222.60 ,$211.35 
3/25/14,$220.44 ,7852386,$224.14 ,$227.05 ,$217.90 
3/24/14,$220.17 ,11327430,$229.75 ,$229.90 ,$210.27 
3/21/14,$228.89 ,8214207,$236.02 ,$236.20 ,$227.50 
3/20/14,$234.91 ,3811031,$236.16 ,$239.25 ,$233.36 
3/19/14,$235.84 ,5063434,$241.39 ,$241.55 ,$233.51 
3/18/14,$240.04 ,6231210,$236.95 ,$241.50 ,$235.02 
3/17/14,$233.98 ,5898403,$234.95 ,$237.93 ,$230.50 
3/14/14,$230.97 ,8254035,$235.29 ,$236.94 ,$228.32 
3/13/14,$237.79 ,6223150,$243.79 ,$244.19 ,$234 
3/12/14,$241.49 ,9779276,$231.50 ,$247.50 ,$231.11 
3/11/14,$234.41 ,8792986,$236.50 ,$244.60 ,$232.43 
3/10/14,$238.84 ,7725236,$242.70 ,$243 ,$236.06 
3/7/14,$246.21 ,7806564,$252.94 ,$254.85 ,$244.41 
3/6/14,$252.94 ,7356920,$254.14 ,$257.50 ,$249.45 
3/5/14,$252.66 ,5932037,$256.72 ,$256.99 ,$251.80 
3/4/14,$254.84 ,8739446,$258.48 ,$260 ,$252.83 
3/3/14,$250.56 ,13083260,$237.26 ,$251.65 ,$234.99 
2/28/14,$244.81 ,14585150,$249.65 ,$252.68 ,$242.55 
2/27/14,$252.54 ,17939220,$261.25 ,$261.90 ,$248.33 
2/26/14,$253 ,24535130,$258.58 ,$265 ,$247.50 
2/25/14,$248 ,32648710,$230 ,$259.20 ,$228.45 
2/24/14,$217.65 ,8286273,$208.76 ,$218.36 ,$208.32 
2/21/14,$209.60 ,7817352,$211.64 ,$213.98 ,$209.19 
2/20/14,$209.97 ,18000940,$215.01 ,$215.21 ,$206.27 
2/19/14,$193.64 ,16038700,$203.70 ,$203.70 ,$193.41 
2/18/14,$203.70 ,9327414,$205.24 ,$206 ,$201.36 
2/14/14,$198.23 ,6164371,$198.10 ,$201.88 ,$197 
2/13/14,$199.63 ,8024948,$193.34 ,$202.72 ,$193.25 
2/12/14,$195.32 ,5171888,$195.78 ,$198.27 ,$194.32 
2/11/14,$196.62 ,10681830,$198.97 ,$202.20 ,$192.70 
2/10/14,$196.56 ,12963450,$189.34 ,$199.30 ,$189.32 
2/7/14,$186.53 ,8951247,$181.01 ,$186.63 ,$179.60 
2/6/14,$178.38 ,5840728,$176.30 ,$180.11 ,$176 
2/5/14,$174.42 ,7267674,$178.30 ,$180.59 ,$169.36 
2/4/14,$178.73 ,4685739,$180.70 ,$181.60 ,$176.20 
2/3/14,$177.11 ,6764261,$182.89 ,$184.88 ,$175.16 
1/31/14,$181.41 ,6507957,$178.85 ,$186 ,$178.51 
1/30/14,$182.84 ,8562363,$178 ,$184.78 ,$177.01 
1/29/14,$175.23 ,5934083,$175.30 ,$179.09 ,$173.13 
1/28/14,$178.38 ,6090396,$171.50 ,$178.98 ,$171 
1/27/14,$169.62 ,8714715,$175.16 ,$177.92 ,$164.71 
1/24/14,$174.60 ,7684134,$177.85 ,$180.48 ,$173.53 
1/23/14,$181.50 ,7863768,$177.23 ,$182.38 ,$173.42 
1/22/14,$178.56 ,7021769,$177.81 ,$180.32 ,$174.76 
1/21/14,$176.68 ,9550446,$171.24 ,$177.29 ,$170.81 
1/17/14,$170.01 ,9205616,$170.19 ,$173.20 ,$167.95 
1/16/14,$170.97 ,11957980,$162.50 ,$172.70 ,$162.40 
1/15/14,$164.13 ,20461310,$168.45 ,$172.23 ,$162.10 
1/14/14,$161.27 ,27558800,$140.50 ,$162 ,$136.67 
1/13/14,$139.34 ,6314832,$145.78 ,$147 ,$137.82 
1/10/14,$145.72 ,7445861,$148.46 ,$148.90 ,$142.25 
1/9/14,$147.53 ,5380624,$152.50 ,$153.43 ,$146.85 
1/8/14,$151.28 ,6154868,$148.85 ,$153.70 ,$148.76 
1/7/14,$149.36 ,5034083,$147.62 ,$150.40 ,$145.25 
1/6/14,$147 ,5361072,$150 ,$150.40 ,$145.24 
1/3/14,$149.56 ,4691589,$150 ,$152.19 ,$148.60 
1/2/14,$150.10 ,6188202,$149.80 ,$152.48 ,$146.55 
12/31/13,$150.43 ,4262398,$152.32 ,$153.20 ,$148.66 
12/30/13,$152.44 ,4461968,$151.12 ,$154.81 ,$150.75 
12/27/13,$151.12 ,5459669,$155.30 ,$155.50 ,$150.80 
12/26/13,$155.50 ,7111247,$155.04 ,$158 ,$154.29 
12/24/13,$151.41 ,9941485,$150 ,$154.97 ,$149.82 
12/23/13,$143.55 ,5330909,$144.85 ,$146.24 ,$142.60 
12/20/13,$143.24 ,7352177,$141.58 ,$144.35 ,$141.58 
12/19/13,$140.72 ,12730030,$146.90 ,$147 ,$139.10 
12/18/13,$147.98 ,11565140,$152.24 ,$154.90 ,$145.95 
12/17/13,$152.46 ,10472460,$147.58 ,$154.63 ,$146.32 
12/16/13,$147.94 ,6660961,$148.48 ,$150.43 ,$146.10 
12/13/13,$147.65 ,10590620,$148.05 ,$151.80 ,$147.32 
12/12/13,$147.47 ,10741360,$139.70 ,$148.24 ,$138.53 
12/11/13,$139.65 ,7128291,$141.88 ,$143.05 ,$139.49 
12/10/13,$142.19 ,10725610,$140.05 ,$145.87 ,$139.86 
12/9/13,$141.60 ,9014394,$137 ,$141.70 ,$134.21 
12/6/13,$137.36 ,7881590,$141.51 ,$142.49 ,$136.30 
12/5/13,$140.48 ,9277795,$140.15 ,$143.35 ,$139.50 
12/4/13,$138.95 ,13121620,$144.32 ,$144.43 ,$137.13 
12/3/13,$144.70 ,25620170,$132.68 ,$144.94 ,$131.59 
12/2/13,$124.17 ,7642470,$126.35 ,$128.55 ,$123.93 
11/29/13,$127.28 ,9716219,$129.77 ,$130.59 ,$126.98 
11/27/13,$126.94 ,12342800,$121.31 ,$126.95 ,$119.52 
11/26/13,$120.50 ,13869230,$119.38 ,$122.72 ,$116.10 
11/25/13,$120.84 ,10257990,$124.50 ,$125.84 ,$120.30 
11/22/13,$121.38 ,11095140,$121.58 ,$122.75 ,$117.93 
11/21/13,$122.10 ,11890950,$122.89 ,$124.79 ,$120.25 
11/20/13,$121.11 ,13830110,$126.08 ,$127.45 ,$119.06 
11/19/13,$126.09 ,19783890,$119.43 ,$129 ,$119.22 
11/18/13,$121.58 ,23052140,$135.27 ,$135.45 ,$119.61 
11/15/13,$135.45 ,9870719,$136.85 ,$137.95 ,$134.35 
11/14/13,$137.60 ,12162530,$138.92 ,$140.40 ,$134.11 
11/13/13,$138.70 ,12619540,$140.84 ,$142.37 ,$136.34 
11/12/13,$137.80 ,14904150,$144.69 ,$144.70 ,$136.18 
11/11/13,$144.70 ,13964490,$141 ,$145.42 ,$137.10 
11/8/13,$137.95 ,22446140,$136.48 ,$140.60 ,$132.32 
11/7/13,$139.77 ,22187220,$144.19 ,$145.65 ,$137.62 
11/6/13,$151.16 ,31029770,$154.81 ,$160.73 ,$146.36 
11/5/13,$176.81 ,21714180,$180 ,$181.43 ,$171.36 
11/4/13,$175.20 ,13053120,$165 ,$175.39 ,$164.22 
11/1/13,$162.17 ,7160261,$163 ,$165.90 ,$160.41 
10/31/13,$159.94 ,9332945,$155.67 ,$162.44 ,$153.30 
10/30/13,$159.22 ,8373362,$164.63 ,$167.68 ,$158.17 
10/29/13,$164.47 ,14083380,$162.76 ,$165.45 ,$153 
10/28/13,$162.86 ,7807152,$170.18 ,$170.50 ,$162.20 
10/25/13,$169.66 ,7577453,$174.21 ,$174.50 ,$166.80 
10/24/13,$173.15 ,10782700,$165 ,$174.50 ,$162.83 
10/23/13,$164.50 ,13319270,$168.91 ,$171.81 ,$160.15 
10/22/13,$171.54 ,11385930,$170.50 ,$177.78 ,$166.11 
10/21/13,$172.60 ,11517300,$183.28 ,$183.39 ,$171 
10/18/13,$183.40 ,5907096,$184.15 ,$185.96 ,$182.52 
10/17/13,$182.80 ,6689169,$183.54 ,$184.80 ,$180.99 
10/16/13,$183.56 ,8189484,$184.90 ,$187.30 ,$182.09 
10/15/13,$183.94 ,10955250,$185.28 ,$188.79 ,$183.18 
10/14/13,$179.72 ,7757278,$175 ,$182.50 ,$174.15 
10/11/13,$178.70 ,8296133,$172.75 ,$179.29 ,$171.20 
10/10/13,$172.93 ,8836616,$173.09 ,$175.75 ,$169.69 
10/9/13,$168.78 ,15301220,$174.73 ,$174.99 ,$161.50 
10/8/13,$174.73 ,13724220,$184.40 ,$185.93 ,$173.21 
10/7/13,$183.07 ,11461000,$182.46 ,$186.73 ,$180.26 
10/4/13,$180.98 ,14367650,$176.40 ,$181.18 ,$172.65 
10/3/13,$173.31 ,23764970,$175.05 ,$179.69 ,$168 
10/2/13,$180.95 ,20717780,$188.59 ,$191.83 ,$175.40 
10/1/13,$193 ,7754694,$193.96 ,$194.23 ,$188.37 
9/30/13,$193.37 ,8923283,$189 ,$194.50 ,$188 
9/27/13,$190.90 ,5915047,$187.52 ,$191.28 ,$186.43 
9/26/13,$188.64 ,6614193,$186.70 ,$189.68 ,$185.61 
9/25/13,$185.24 ,8235227,$183.56 ,$186.30 ,$180.50 
9/24/13,$182.33 ,6272442,$179.14 ,$184.96 ,$177.65 
9/23/13,$181.11 ,8172719,$184.48 ,$185.48 ,$177.11 
9/20/13,$183.39 ,13375710,$178.90 ,$185.83 ,$178.56 
9/19/13,$177.92 ,15577020,$170.80 ,$180.47 ,$169.08 
9/18/13,$166.22 ,5322343,$167.07 ,$167.45 ,$164.20 
9/17/13,$166.23 ,5496924,$165.08 ,$168.42 ,$163.36 
9/16/13,$166.58 ,7579727,$168 ,$170.85 ,$165.85 
9/13/13,$165.54 ,5396873,$162.77 ,$166.37 ,$162.16 
9/12/13,$164.93 ,6095815,$164 ,$166.76 ,$160.51 
9/11/13,$163.52 ,5815497,$166.41 ,$167.90 ,$162.13 
9/10/13,$166.37 ,8947680,$161.45 ,$167.50 ,$160.63 
9/9/13,$160.70 ,14311250,$163.12 ,$164.50 ,$158.51 
9/6/13,$166.97 ,8601839,$168.57 ,$169.70 ,$165.15 
9/5/13,$169.93 ,6685292,$170.10 ,$171.50 ,$168.25 
9/4/13,$170.62 ,11447440,$169.77 ,$171.62 ,$165.56 
9/3/13,$168.94 ,12021470,$173.40 ,$173.70 ,$166.40 
8/30/13,$169 ,10997830,$166.37 ,$169.21 ,$163.96 
8/29/13,$166.06 ,9435470,$164.22 ,$167.75 ,$162.51 
8/28/13,$166.45 ,14713320,$169.06 ,$171.50 ,$163.25 
8/27/13,$167.01 ,17515670,$162.30 ,$168.80 ,$160.95 
8/26/13,$164.22 ,24071200,$165.15 ,$173 ,$160.25 
8/23/13,$161.84 ,12913320,$157 ,$162.30 ,$155 
8/22/13,$157.10 ,10544220,$149.22 ,$157.48 ,$148.14 
8/21/13,$147.86 ,6249798,$150 ,$150.31 ,$146.25 
8/20/13,$149.58 ,6387825,$148.65 ,$149.78 ,$147 
8/19/13,$144.90 ,8021902,$143.43 ,$147.38 ,$142.83 
8/16/13,$142 ,7093792,$141.63 ,$143.91 ,$140.97 
8/15/13,$139.67 ,10179070,$136.43 ,$143.60 ,$135 
8/14/13,$139.36 ,11680010,$142.72 ,$144.84 ,$138.05 
8/13/13,$145.43 ,8724841,$149.50 ,$149.84 ,$144.45 
8/12/13,$147.38 ,14885790,$149.43 ,$150.50 ,$142.05 
8/9/13,$153 ,8926196,$152.40 ,$155.95 ,$151.25 
8/8/13,$153.48 ,27233590,$154.36 ,$158.88 ,$150.46 
8/7/13,$134.23 ,17818600,$141.89 ,$141.95 ,$132.36 
8/6/13,$142.15 ,9252258,$144.75 ,$145.73 ,$141.10 
8/5/13,$144.68 ,10170820,$140.01 ,$144.89 ,$139.65 
8/2/13,$138 ,6221159,$134.59 ,$138.25 ,$133.61 
8/1/13,$135.55 ,5307491,$135 ,$136.52 ,$132.63 
7/31/13,$134.28 ,6338258,$132.57 ,$134.98 ,$131.45 
7/30/13,$131.74 ,13119920,$134.80 ,$137.49 ,$128.18 
7/29/13,$134.62 ,9678085,$129.32 ,$135.37 ,$128.25 
7/26/13,$129.39 ,9627227,$128.14 ,$130.68 ,$126.61 
7/25/13,$124.07 ,5283874,$120.40 ,$124.75 ,$120.19 
7/24/13,$121.70 ,6866543,$124.47 ,$124.50 ,$119.56 
7/23/13,$122.74 ,7735416,$124 ,$125.56 ,$121.82 
7/22/13,$122.43 ,9797193,$119.89 ,$126.68 ,$119.88 
7/19/13,$119.68 ,5883963,$118.50 ,$120.55 ,$116.51 
7/18/13,$119.03 ,11364370,$120.97 ,$122.73 ,$116.18 
7/17/13,$120.25 ,25994150,$106.52 ,$121.62 ,$104.50 
7/16/13,$109.05 ,32325350,$126.28 ,$126.32 ,$107.30 
7/15/13,$127.26 ,9914409,$133.03 ,$133.26 ,$126.82 
7/12/13,$129.90 ,11341990,$125.50 ,$129.94 ,$124.51 
7/11/13,$125.61 ,7480691,$124.88 ,$126.09 ,$122.35 
7/10/13,$122.27 ,5692372,$123.19 ,$123.25 ,$120.79 
7/9/13,$123.45 ,8567075,$124.64 ,$125.32 ,$121.91 
7/8/13,$121.61 ,7804363,$121.37 ,$122.18 ,$118.82 
7/5/13,$120.09 ,6815232,$118.32 ,$120.28 ,$115.70 
7/3/13,$115.24 ,4806662,$118 ,$119.25 ,$114.27 
7/2/13,$117.82 ,12061590,$118.26 ,$121.89 ,$115.50 
7/1/13,$117.18 ,10882830,$109.36 ,$117.77 ,$109.15 
6/28/13,$107.36 ,5747803,$108.57 ,$109.44 ,$106.71 
6/27/13,$109.25 ,8738707,$106.75 ,$110.25 ,$106.13 
6/26/13,$105.72 ,6592090,$103.80 ,$105.87 ,$102.66 
6/25/13,$102.40 ,5845857,$103.10 ,$104.20 ,$100.55 
6/24/13,$101.49 ,7115222,$96.50 ,$102.87 ,$95.30 
6/21/13,$99.55 ,11702490,$103.70 ,$103.70 ,$97.50 
6/20/13,$100.65 ,10103660,$104.65 ,$107.13 ,$99.45 
6/19/13,$104.68 ,8578292,$102.06 ,$106.67 ,$102.01 
6/18/13,$103.39 ,8793233,$101.75 ,$103.98 ,$99.20 
6/17/13,$102.20 ,7063642,$103.60 ,$104.75 ,$101.20 
6/14/13,$100.30 ,6561448,$100 ,$102.52 ,$99.33 
6/13/13,$98.18 ,5961343,$99 ,$99.28 ,$95.12 
6/12/13,$97.73 ,9184497,$96.80 ,$100.48 ,$95.75 
6/11/13,$94.47 ,7391870,$98.18 ,$98.68 ,$94.05 
6/10/13,$100.05 ,9207140,$98.93 ,$102.52 ,$98.57 
6/7/13,$102.04 ,10706180,$98 ,$102.90 ,$96.70 
6/6/13,$97.35 ,9509080,$95.25 ,$99.27 ,$95.11 
6/5/13,$95.37 ,12209560,$93.66 ,$97.97 ,$89.11 
6/4/13,$94.84 ,8837894,$92.75 ,$96.42 ,$92.40 
6/3/13,$92.59 ,19134000,$97.62 ,$97.62 ,$88.25 
5/31/13,$97.76 ,15145370,$106.26 ,$106.44 ,$97.73 
5/30/13,$104.95 ,16129720,$102.46 ,$109.54 ,$101.20 
5/29/13,$104.63 ,25061470,$113.55 ,$114.90 ,$99 
5/28/13,$110.33 ,19596090,$101.55 ,$110.75 ,$100.30 
5/24/13,$97.08 ,16077980,$92.60 ,$97.95 ,$92 
5/23/13,$92.73 ,12015700,$84.81 ,$93.01 ,$83.05 
5/22/13,$87.24 ,8564386,$86.37 ,$90.96 ,$85.50 
5/21/13,$87.59 ,8996046,$88.50 ,$89.99 ,$85.28 
5/20/13,$89.94 ,8326361,$91.12 ,$92.50 ,$88.63 
5/17/13,$91.50 ,18986880,$92.50 ,$94.44 ,$87.50 
5/16/13,$92.25 ,21577970,$94.70 ,$95 ,$88.66 
5/15/13,$84.84 ,16642860,$81.80 ,$86.88 ,$78.11 
5/14/13,$83.24 ,37103240,$94.22 ,$97.12 ,$81.15 
5/13/13,$87.80 ,22343570,$80.99 ,$88 ,$79.15 
5/10/13,$76.76 ,25072050,$69.65 ,$81 ,$69.25 
5/9/13,$69.40 ,28551660,$70.12 ,$75.77 ,$63.69 
5/8/13,$55.79 ,5838969,$57.50 ,$58.20 ,$55.71 
5/7/13,$55.51 ,9985041,$62 ,$62.37 ,$55.12 
5/6/13,$59.50 ,4365030,$56.39 ,$59.66 ,$55.50 
5/3/13,$54.55 ,3378303,$56.47 ,$56.47 ,$54.50 
5/2/13,$54.11 ,3045669,$53.85 ,$55.27 ,$53.70 
5/1/13,$53.28 ,2742593,$55.99 ,$55.99 ,$53 
4/30/13,$53.99 ,5522548,$56 ,$58.18 ,$53.76 
4/29/13,$54.94 ,3638381,$51.76 ,$54.99 ,$51.20 
4/26/13,$51.20 ,3620350,$53.13 ,$53.74 ,$50.62 
4/25/13,$52 ,2795635,$50.50 ,$52.40 ,$50.50 
4/24/13,$50.43 ,2629908,$50.90 ,$51.05 ,$48.98 
4/23/13,$51.01 ,3733250,$51 ,$52.92 ,$50.66 
4/22/13,$50.19 ,3939327,$48.60 ,$50.20 ,$47.75 
4/19/13,$47.83 ,3011536,$47.46 ,$49.88 ,$47.07 
4/18/13,$46.97 ,3367887,$45.98 ,$47.60 ,$45.39 
4/17/13,$45.45 ,2118428,$45.50 ,$45.95 ,$44.54 
4/16/13,$45.59 ,3180338,$44.19 ,$46.14 ,$43.91 
4/15/13,$43.30 ,1677780,$43.50 ,$43.80 ,$42.51 
4/12/13,$43.75 ,3149372,$43.25 ,$45.14 ,$43.05 
4/11/13,$43.59 ,3446342,$42.06 ,$44.55 ,$41.75 
4/10/13,$41.86 ,2121088,$40.70 ,$42.01 ,$40.61 
4/9/13,$40.50 ,1696036,$41.80 ,$41.83 ,$40.33 
4/8/13,$41.83 ,1679001,$41.97 ,$42.55 ,$41.51 
4/5/13,$41.37 ,1552097,$42 ,$42 ,$40.50 
4/4/13,$42.01 ,2264742,$41.11 ,$42.25 ,$40.81 
4/3/13,$41.10 ,5643205,$43.10 ,$43.47 ,$40.21 
4/2/13,$44.34 ,6600998,$43.60 ,$45.50 ,$43.51 
4/1/13,$43.93 ,14088400,$42.36 ,$46.68 ,$41.70 
3/28/13,$37.89 ,1158652,$38.23 ,$38.24 ,$37.75 
3/27/13,$38.16 ,1296283,$37.94 ,$38.38 ,$37.31 
3/26/13,$37.86 ,1805587,$37.98 ,$38.22 ,$37.66 
3/25/13,$37.53 ,2375218,$37.10 ,$38.52 ,$36.77 
3/22/13,$36.62 ,442535,$36.20 ,$36.80 ,$36.20 
3/21/13,$36.01 ,1146287,$35.95 ,$37.06 ,$35.74 
3/20/13,$35.95 ,1422984,$35.26 ,$36.07 ,$35.16 
3/19/13,$35.08 ,1083765,$35.25 ,$35.60 ,$34.94 
3/18/13,$35.15 ,1316036,$35.30 ,$36.06 ,$34.92 
3/15/13,$35.29 ,3279577,$36.64 ,$36.65 ,$35.21 
3/14/13,$36.85 ,2020811,$38.90 ,$38.91 ,$36.77 
3/13/13,$38.98 ,821986,$39 ,$39.49 ,$38.81 
3/12/13,$39.12 ,1274426,$38.90 ,$39.38 ,$38.85 
3/11/13,$39.10 ,1579440,$38.87 ,$39.44 ,$38.65 
3/8/13,$38.47 ,912052,$38.06 ,$39.44 ,$37.36 
3/7/13,$38.23 ,1158254,$37.73 ,$38.65 ,$36.88 
3/6/13,$37.69 ,1149925,$37.01 ,$37.88 ,$36.97 
3/5/13,$36.65 ,2086969,$36 ,$36.92 ,$35.79 
3/4/13,$35.58 ,1757660,$34.77 ,$35.83 ,$34.70 
3/1/13,$34.65 ,1546400,$35 ,$35.08 ,$34.25 
2/28/13,$34.83 ,1964893,$35.89 ,$36.10 ,$34.37 
2/27/13,$35.10 ,1959129,$34.41 ,$35.41 ,$34.40 
2/26/13,$34.43 ,2762900,$34.46 ,$34.96 ,$33.80 
2/25/13,$34.38 ,2889237,$36.15 ,$36.75 ,$34.34 
2/22/13,$36.11 ,2545223,$35.72 ,$36.39 ,$35.60 
2/21/13,$35.16 ,9035810,$36.49 ,$37.39 ,$34.54 
2/20/13,$38.54 ,3078371,$39.30 ,$39.65 ,$38.46 
2/19/13,$39.28 ,2700540,$37.36 ,$39.29 ,$37.31 
2/15/13,$37.04 ,2017449,$38.50 ,$38.51 ,$36.95 
2/14/13,$38.30 ,990640,$38.64 ,$38.75 ,$38.21 
2/13/13,$38.45 ,966802,$38.30 ,$39 ,$38.05 
2/12/13,$37.89 ,2260409,$38.45 ,$38.87 ,$37.29 
2/11/13,$38.42 ,3265648,$37.98 ,$39.15 ,$37.50 
2/8/13,$39.24 ,1139533,$39.45 ,$40 ,$39.14 
2/7/13,$39.48 ,1196521,$39.19 ,$39.68 ,$38.95 
2/6/13,$39.17 ,1892848,$38.18 ,$39.39 ,$37.90 
2/5/13,$38.13 ,1310192,$38 ,$38.65 ,$37.68 
2/4/13,$37.74 ,1127989,$38.40 ,$38.42 ,$37.59 
2/1/13,$38.30 ,1100390,$38.17 ,$38.50 ,$37.62 
1/31/13,$37.51 ,901318,$37.87 ,$37.87 ,$36.93 
1/30/13,$37.52 ,968098,$37.85 ,$38 ,$37.43 
1/29/13,$37.95 ,1426503,$38.10 ,$38.44 ,$37.13 
1/28/13,$38.03 ,1985892,$36.86 ,$38.71 ,$36.86 
1/25/13,$36.98 ,1287703,$37 ,$37.54 ,$36.80 
1/24/13,$36.99 ,1970389,$36 ,$37.72 ,$35.84 
1/23/13,$36 ,1563452,$35.02 ,$36.24 ,$34.96 
1/22/13,$35.19 ,1920131,$34.56 ,$35.55 ,$34.26 
1/18/13,$34.52 ,3555074,$34.74 ,$34.78 ,$33.82 
1/17/13,$34.38 ,1436604,$34.16 ,$34.85 ,$33.92 
1/16/13,$34.10 ,1378138,$33.85 ,$34.23 ,$33.73 
1/15/13,$33.90 ,1623845,$33.11 ,$34.25 ,$33.08 
1/14/13,$33.26 ,925018,$33.08 ,$33.38 ,$32.85 
1/11/13,$32.91 ,1562974,$34.04 ,$34.04 ,$32.11 
1/10/13,$33.53 ,922405,$33.87 ,$33.99 ,$33.38 
1/9/13,$33.64 ,697979,$34.01 ,$34.19 ,$33.40 
1/8/13,$33.68 ,1283743,$34.50 ,$34.50 ,$33.11 
1/7/13,$34.34 ,441909,$34.80 ,$34.80 ,$33.90 
1/4/13,$34.40 ,673993,$34.80 ,$34.80 ,$33.92 
1/3/13,$34.77 ,741941,$35.18 ,$35.45 ,$34.75 
1/2/13,$35.36 ,1194710,$35 ,$35.45 ,$34.71 
12/31/12,$33.87 ,594846,$33 ,$33.97 ,$33 
12/28/12,$33.22 ,414035,$33.38 ,$33.65 ,$33.02 
12/27/12,$33.69 ,561085,$33.50 ,$33.91 ,$33 
12/26/12,$33.59 ,601384,$33.96 ,$34.50 ,$33.50 
12/24/12,$34.28 ,375796,$33.64 ,$34.35 ,$33.55 
12/21/12,$34 ,1492306,$33.94 ,$34.17 ,$33.58 
12/20/12,$34.43 ,921194,$34.51 ,$34.79 ,$34.05 
12/19/12,$34.61 ,1269531,$34.75 ,$35.26 ,$34.52 
12/18/12,$34.59 ,1553836,$34.26 ,$35.07 ,$34.26 
12/17/12,$34.40 ,824809,$33.77 ,$34.50 ,$33.75 
12/14/12,$33.81 ,1022743,$33.78 ,$34.40 ,$33.59 
12/13/12,$33.61 ,2150624,$35.26 ,$35.30 ,$32.75 
12/12/12,$35.26 ,2063727,$35.21 ,$35.80 ,$34.95 
12/11/12,$35.28 ,1572310,$34.60 ,$35.50 ,$34.46 
12/10/12,$34.57 ,929751,$34.43 ,$34.80 ,$34.18 
12/7/12,$34.17 ,664386,$34.30 ,$34.49 ,$33.85 
12/6/12,$33.90 ,657256,$33.82 ,$34.80 ,$33.50 
12/5/12,$33.71 ,661486,$33.82 ,$34.19 ,$33.58 
12/4/12,$33.90 ,1263240,$34.08 ,$34.80 ,$33.55 
12/3/12,$34.62 ,2085639,$33.89 ,$35 ,$33.50 
11/30/12,$33.82 ,1420284,$33.63 ,$34.28 ,$33.01 
11/29/12,$33.69 ,1103315,$33.44 ,$34 ,$32.87 
11/28/12,$33.23 ,1525199,$32 ,$34.29 ,$31.91 
11/27/12,$32.15 ,910770,$32.13 ,$32.66 ,$31.52 
11/26/12,$32.27 ,495739,$32.10 ,$32.30 ,$31.62 
11/23/12,$32.13 ,430212,$32.60 ,$32.83 ,$31.70 
11/21/12,$32.47 ,963133,$32.61 ,$33.47 ,$32.29 
11/20/12,$33 ,922427,$32.80 ,$33.10 ,$31.91 
11/19/12,$32.92 ,1392168,$32.07 ,$33.25 ,$31.84 
11/16/12,$31.84 ,908650,$31.15 ,$32 ,$30.59 
11/15/12,$30.82 ,983841,$31.30 ,$31.44 ,$30.50 
11/14/12,$31.38 ,871215,$31.96 ,$32.12 ,$31.20 
11/13/12,$31.61 ,998263,$31.29 ,$32 ,$30.72 
11/12/12,$31.07 ,555896,$30.29 ,$31.42 ,$30.16 
11/9/12,$30.32 ,862928,$30.60 ,$30.93 ,$29.85 
11/8/12,$31.31 ,1273986,$31.01 ,$31.88 ,$30.94 
11/7/12,$31.54 ,1714469,$31 ,$32.05 ,$30.81 
11/6/12,$31.15 ,2323743,$30.61 ,$31.20 ,$29.95 
11/5/12,$31.50 ,2048767,$29.80 ,$31.58 ,$29.33 
11/2/12,$28.92 ,1030265,$29.27 ,$29.55 ,$28.55 
11/1/12,$29.25 ,1024054,$28.25 ,$29.49 ,$28.20 
10/31/12,$28.13 ,775142,$27.70 ,$28.35 ,$27.37 
10/26/12,$27.38 ,477305,$27.53 ,$27.80 ,$27.02 
10/25/12,$27.52 ,577686,$27.80 ,$27.80 ,$27.45 
10/24/12,$27.42 ,1016368,$28.52 ,$28.52 ,$27.25 
10/23/12,$28.39 ,748998,$27.38 ,$28.56 ,$27.37 
10/22/12,$27.85 ,470198,$27.99 ,$28 ,$27.36 
10/19/12,$27.74 ,1027302,$27.83 ,$28.20 ,$27.30 
10/18/12,$28.04 ,740947,$28.99 ,$28.99 ,$27.78 
10/17/12,$28.82 ,667963,$28.25 ,$28.84 ,$27.80 
10/16/12,$28.06 ,479248,$27.67 ,$28.09 ,$27.34 
10/15/12,$27.33 ,1468667,$28.02 ,$28.05 ,$26.86 
10/12/12,$27.64 ,987535,$28.32 ,$28.73 ,$27.50 
10/11/12,$28.32 ,450571,$28.94 ,$28.98 ,$28.25 
10/10/12,$28.40 ,503563,$28.39 ,$28.72 ,$28.01 
10/9/12,$28.37 ,1192092,$29.12 ,$29.12 ,$28.25 
10/8/12,$29.25 ,889679,$28.86 ,$29.40 ,$28.61 
10/5/12,$28.89 ,938359,$29.70 ,$29.81 ,$28.68 
10/4/12,$29.40 ,1541207,$30 ,$30.10 ,$28.65 
10/3/12,$29.30 ,1049718,$29.75 ,$29.95 ,$29.24 
10/2/12,$29.80 ,728969,$29.28 ,$29.89 ,$29 
10/1/12,$29.16 ,884305,$29.50 ,$29.89 ,$29 
9/28/12,$29.28 ,4342689,$28.73 ,$29.89 ,$28.61 
9/27/12,$28.49 ,1758153,$27.82 ,$28.54 ,$27.60 
9/26/12,$27.54 ,1527176,$27.66 ,$28.40 ,$27.48 
9/25/12,$27.66 ,5670068,$28.62 ,$29.48 ,$27.53 
9/24/12,$30.66 ,1301404,$29.51 ,$31.03 ,$29.40 
9/21/12,$30.02 ,1869970,$31.10 ,$31.49 ,$29.54 
9/20/12,$30.90 ,912372,$30.93 ,$31.50 ,$30.68 
9/19/12,$31.05 ,1048457,$31 ,$31.74 ,$30.94 
9/18/12,$31.34 ,1788480,$31.88 ,$31.90 ,$30.68 
9/17/12,$32.54 ,3212741,$32.35 ,$32.78 ,$31.51 
9/14/12,$30.39 ,1536569,$30 ,$30.65 ,$29.65 
9/13/12,$29.48 ,1478686,$28.57 ,$29.50 ,$28.48 
9/12/12,$28.28 ,1128834,$27.90 ,$28.58 ,$27.80 
9/11/12,$27.80 ,1014671,$27.76 ,$28.16 ,$27.40 
9/10/12,$27.37 ,1483015,$29.20 ,$29.35 ,$27.30 
9/7/12,$29.35 ,953151,$28.55 ,$29.57 ,$28.50 
9/6/12,$28.55 ,841643,$28 ,$28.90 ,$27.90 
9/5/12,$27.94 ,639227,$28.01 ,$28.50 ,$27.81 
9/4/12,$28.14 ,752496,$28.52 ,$28.99 ,$27.90 
8/31/12,$28.52 ,539736,$28.61 ,$28.84 ,$28.20 
8/30/12,$28.41 ,656307,$28.60 ,$28.74 ,$28.10 
8/29/12,$28.41 ,838883,$28.49 ,$28.64 ,$28.02 
8/28/12,$28.69 ,1402656,$28.40 ,$29.38 ,$28 
8/27/12,$28.32 ,1350325,$29.57 ,$29.70 ,$28.17 
8/24/12,$29.50 ,1429311,$30.06 ,$30.24 ,$29.41 
8/23/12,$30.73 ,1470974,$30 ,$30.85 ,$29.65 
8/22/12,$29.95 ,775490,$29.01 ,$30.04 ,$29.01 
8/21/12,$29.11 ,761516,$29.58 ,$30 ,$29 
8/20/12,$29.51 ,1179008,$30.15 ,$30.39 ,$29.10 
8/17/12,$30.01 ,508122,$30.29 ,$30.71 ,$29.98 
8/16/12,$30.30 ,668973,$29.53 ,$30.39 ,$29.50 
8/15/12,$29.40 ,525385,$29.39 ,$29.70 ,$28.81 
8/14/12,$29.42 ,793336,$30.75 ,$31.17 ,$29.26 
8/13/12,$31.17 ,870050,$29.69 ,$31.30 ,$29.10 
8/10/12,$29.94 ,707390,$29.31 ,$29.94 ,$29.31 
8/9/12,$29.41 ,671608,$29.52 ,$30 ,$29.13 
8/8/12,$29.09 ,1308895,$29.90 ,$30 ,$28.59 
8/7/12,$30.25 ,2387184,$28.77 ,$30.90 ,$28.50 
8/6/12,$28.27 ,1528169,$27.55 ,$28.70 ,$27.55 
8/3/12,$27.27 ,1209470,$26.90 ,$27.55 ,$26.74 
8/2/12,$26.10 ,1305016,$26.84 ,$26.85 ,$25.52 
8/1/12,$26.25 ,1591988,$27.99 ,$27.99 ,$26.03 
7/31/12,$27.42 ,1575060,$27.54 ,$27.97 ,$27.35 
7/30/12,$27.35 ,2065200,$29.51 ,$30.25 ,$27.21 
7/27/12,$29.51 ,1672968,$28.71 ,$29.66 ,$28.10 
7/26/12,$28.13 ,2262205,$29.90 ,$30 ,$27.64 
7/25/12,$28.95 ,2821466,$29.92 ,$29.98 ,$28.75 
7/24/12,$29.84 ,1500251,$30.66 ,$31.04 ,$29.62 
7/23/12,$30.66 ,1386643,$31.05 ,$31.30 ,$30.62 
7/20/12,$31.79 ,1568466,$32.07 ,$32.25 ,$31.25 
7/19/12,$32.27 ,1435878,$32.72 ,$33.15 ,$32.04 
7/18/12,$32.15 ,2881884,$31.42 ,$33.67 ,$31.06 
7/17/12,$33.35 ,2569213,$35 ,$35.21 ,$32.38 
7/16/12,$35.96 ,1743908,$34.32 ,$36 ,$33.90 
7/13/12,$34.25 ,1304512,$32.97 ,$34.40 ,$32.83 
7/12/12,$32.70 ,1125670,$31.29 ,$33.01 ,$30.80 
7/11/12,$31.51 ,638516,$31.57 ,$31.68 ,$31.01 
7/10/12,$31.27 ,758352,$31.54 ,$32.48 ,$30.89 
7/9/12,$31.49 ,906915,$30.94 ,$31.83 ,$30.67 
7/6/12,$30.99 ,784461,$30.99 ,$31.73 ,$30.80 
7/5/12,$31.23 ,1253766,$30.81 ,$31.67 ,$30.80 
7/3/12,$30.66 ,947128,$30.60 ,$31 ,$30.40 
7/2/12,$30.40 ,1307529,$31.35 ,$31.80 ,$30.19 
6/29/12,$31.29 ,1125704,$32.80 ,$32.80 ,$31 
6/28/12,$31.41 ,914040,$31.90 ,$32.11 ,$30.62 
6/27/12,$31.96 ,1047194,$31.90 ,$32.45 ,$31.57 
6/26/12,$31.61 ,2613849,$32.05 ,$32.35 ,$31.39 
6/25/12,$33.11 ,1495174,$33.94 ,$34.12 ,$32.75 
6/22/12,$33.79 ,3009780,$32.60 ,$33.98 ,$32.46 
6/21/12,$32.19 ,1889095,$34.26 ,$34.28 ,$31.84 
6/20/12,$33.78 ,3422342,$33.50 ,$34.50 ,$33.21 
6/19/12,$32.09 ,910829,$32.02 ,$32.66 ,$31.50 
6/18/12,$31.84 ,1256796,$29.94 ,$32.33 ,$29.50 
6/15/12,$29.91 ,646594,$29.39 ,$29.95 ,$28.81 
6/14/12,$29.39 ,872161,$30.18 ,$30.65 ,$28.62 
6/13/12,$29.77 ,844371,$29.55 ,$30.64 ,$29.47 
6/12/12,$29.66 ,568994,$29.23 ,$29.84 ,$28.81 
6/11/12,$29.12 ,635317,$30.31 ,$31 ,$28.96 
6/8/12,$30.08 ,879409,$28.86 ,$30.19 ,$28.15 
6/7/12,$28.93 ,492015,$29.81 ,$29.87 ,$28.85 
6/6/12,$29.22 ,909808,$28.20 ,$29.45 ,$28.14 
6/5/12,$27.91 ,630885,$27.84 ,$28.39 ,$27.56 
6/4/12,$27.88 ,1030834,$28.03 ,$28.41 ,$27.11 
6/1/12,$28.15 ,885710,$28.53 ,$29.16 ,$27.76 
5/31/12,$29.50 ,1118365,$30.07 ,$30.29 ,$28.75 
5/30/12,$30.41 ,1307141,$31.08 ,$31.42 ,$30.24 
5/29/12,$31.69 ,1647379,$30.01 ,$31.93 ,$30.01 
5/25/12,$29.81 ,757009,$30.16 ,$30.41 ,$29.20 
5/24/12,$30.32 ,1075520,$31.25 ,$31.25 ,$29.69 
5/23/12,$31.02 ,1220349,$30.56 ,$31.05 ,$29.50 
5/22/12,$30.79 ,2366170,$30.10 ,$31.34 ,$30 
5/21/12,$28.77 ,1475170,$27.58 ,$29.26 ,$27.12 
5/18/12,$27.56 ,1616487,$28.37 ,$28.46 ,$26.83 
5/17/12,$28.57 ,1148918,$29.30 ,$29.79 ,$28.24 
5/16/12,$29.18 ,1256184,$29.58 ,$30.18 ,$28.88 
5/15/12,$29.43 ,1585532,$30.26 ,$30.96 ,$29.22 
5/14/12,$30.06 ,1380742,$31.92 ,$32.13 ,$30.05 
5/11/12,$32.25 ,1221005,$32.49 ,$33.44 ,$32.16 
5/10/12,$32.96 ,5556301,$32.97 ,$34.68 ,$32.40 
5/9/12,$30.06 ,1928123,$30.30 ,$30.77 ,$29.76 
5/8/12,$30.19 ,3097180,$32.50 ,$32.73 ,$29.37 
5/7/12,$32.47 ,1157969,$31.96 ,$32.58 ,$31.61 
5/4/12,$31.83 ,1247286,$32.32 ,$32.46 ,$31.40 
5/3/12,$32.46 ,839388,$33.91 ,$34 ,$32.13 
5/2/12,$33.94 ,497251,$33.50 ,$34.39 ,$33.39 
5/1/12,$33.78 ,658947,$33.13 ,$34.21 ,$33.13 
4/30/12,$33.13 ,413848,$33.27 ,$33.36 ,$32.58 
4/27/12,$33.34 ,589005,$33.60 ,$33.63 ,$32.91 
4/26/12,$33.49 ,424519,$32.96 ,$33.52 ,$32.91 
4/25/12,$32.91 ,712133,$32.07 ,$32.99 ,$32.07 
4/24/12,$31.82 ,674467,$31.82 ,$32.20 ,$31 
4/23/12,$31.94 ,890715,$32.86 ,$32.97 ,$31.71 
4/20/12,$33.16 ,821774,$33.14 ,$33.73 ,$32.94 
4/19/12,$33.16 ,774878,$32.75 ,$33.43 ,$32.50 
4/18/12,$32.66 ,823096,$32.09 ,$32.75 ,$31.53 
4/17/12,$32.24 ,1114963,$32.43 ,$33.07 ,$32.04 
4/16/12,$32.25 ,1097204,$33.41 ,$33.70 ,$32.09 
4/13/12,$33.59 ,649580,$33.94 ,$34.04 ,$32.85 
4/12/12,$33.44 ,1033804,$33.77 ,$34.48 ,$32.92 
4/11/12,$33.09 ,1105347,$33.24 ,$33.29 ,$32.01 
4/10/12,$32.46 ,1847669,$33.15 ,$33.85 ,$32.10 
4/9/12,$33.15 ,1655155,$34.10 ,$34.29 ,$33.10 
4/5/12,$34.48 ,1509378,$35.10 ,$35.44 ,$34.41 
4/4/12,$35 ,4481309,$35.27 ,$35.49 ,$34.69 
4/3/12,$38.01 ,1074804,$36.70 ,$38.47 ,$36.67 
4/2/12,$36.58 ,1028004,$37.33 ,$37.97 ,$36.53 
3/30/12,$37.24 ,886312,$37.52 ,$37.94 ,$36.68 
3/29/12,$37.33 ,796335,$38.19 ,$38.19 ,$37.03 
3/28/12,$37.85 ,954870,$37.78 ,$38.44 ,$37.11 
3/27/12,$37.94 ,2539178,$37.16 ,$39.95 ,$37.03 
3/26/12,$37.40 ,3140470,$35.59 ,$38.09 ,$35.04 
3/23/12,$34.08 ,1170567,$34.26 ,$34.63 ,$33.15 
3/22/12,$34.40 ,522353,$34.97 ,$35.15 ,$34.30 
3/21/12,$35.15 ,607103,$34.94 ,$35.30 ,$34.60 
3/20/12,$34.96 ,567001,$34.98 ,$35.20 ,$34.57 
3/19/12,$34.98 ,1015586,$35.26 ,$35.32 ,$34.54 
3/16/12,$35.32 ,728336,$34.90 ,$35.89 ,$34.83 
3/15/12,$35 ,571596,$35.28 ,$35.48 ,$34.78 
3/14/12,$35.29 ,851464,$36 ,$36 ,$34.80 
3/13/12,$36.09 ,1001543,$36.51 ,$36.59 ,$35.50 
3/12/12,$36.01 ,1962400,$34.69 ,$36.29 ,$34.60 
3/9/12,$34.74 ,1553323,$33.20 ,$35.31 ,$33.20 
3/8/12,$33.07 ,633267,$33.11 ,$33.49 ,$33.04 
3/7/12,$33.12 ,364831,$33.12 ,$33.32 ,$32.91 
3/6/12,$33.11 ,573749,$33.25 ,$33.28 ,$32.62 
3/5/12,$33.77 ,466938,$34.35 ,$34.40 ,$33.46 
3/2/12,$34.04 ,549971,$34.40 ,$34.50 ,$33.71 
3/1/12,$34.41 ,703435,$33.51 ,$34.50 ,$33.31 
2/29/12,$33.41 ,535584,$33.81 ,$34.12 ,$33.14 
2/28/12,$33.81 ,612183,$33.64 ,$34.44 ,$33.17 
2/27/12,$33.62 ,605953,$33.41 ,$34 ,$33 
2/24/12,$33.75 ,959766,$34.23 ,$34.52 ,$33.27 
2/23/12,$34.53 ,820345,$33.99 ,$34.97 ,$33.56 
2/22/12,$34.22 ,1654570,$34.50 ,$34.72 ,$32.50 
2/21/12,$34.50 ,1135788,$34.87 ,$34.87 ,$33.81 
2/17/12,$34.97 ,1376645,$33.99 ,$34.97 ,$33.50 
2/16/12,$34.18 ,2219636,$33.50 ,$34.51 ,$32.54 
2/15/12,$33.60 ,2757062,$33.10 ,$34.41 ,$32.27 
2/14/12,$33.17 ,1810609,$31.74 ,$33.79 ,$31.40 
2/13/12,$31.49 ,1157858,$31.55 ,$32.06 ,$30.90 
2/10/12,$31.10 ,1874139,$32.26 ,$32.27 ,$29.84 
2/9/12,$32.58 ,1276944,$32 ,$32.90 ,$31.43 
2/8/12,$31.93 ,623626,$31.60 ,$32.01 ,$31.29 
2/7/12,$31.60 ,1021503,$31.80 ,$31.80 ,$30.82 
2/6/12,$31.80 ,651861,$31.10 ,$31.90 ,$31.05 
2/3/12,$31.15 ,764418,$30.41 ,$31.33 ,$30.25 
2/2/12,$30.25 ,805610,$29.72 ,$30.88 ,$29.61 
2/1/12,$29.58 ,522924,$29.07 ,$29.70 ,$29 
1/31/12,$29.07 ,956313,$29.90 ,$30 ,$28.87 
1/30/12,$29.57 ,728979,$29.49 ,$29.61 ,$28.53 
1/27/12,$29.33 ,748361,$28.50 ,$29.72 ,$28.50 
1/26/12,$28.94 ,1271028,$28.07 ,$29.58 ,$28 
1/25/12,$27.97 ,611112,$27.27 ,$28.01 ,$27.05 
1/24/12,$27.42 ,857914,$26.63 ,$27.68 ,$26.44 
1/23/12,$26.77 ,594533,$26.81 ,$27.21 ,$26.60 
1/20/12,$26.60 ,662289,$26.90 ,$27 ,$26.40 
1/19/12,$26.76 ,1246222,$27.19 ,$27.74 ,$26.61 
1/18/12,$26.81 ,1260183,$26.69 ,$26.88 ,$26.25 
1/17/12,$26.60 ,4651291,$26.62 ,$27.34 ,$26.41 
1/13/12,$22.79 ,5466729,$28.40 ,$28.50 ,$22.64 
1/12/12,$28.25 ,729300,$28.48 ,$28.62 ,$27.81 
1/11/12,$28.23 ,672139,$27.62 ,$28.38 ,$27.30 
1/10/12,$27.62 ,671532,$27.44 ,$27.76 ,$27.25 
1/9/12,$27.25 ,896951,$27 ,$27.49 ,$26.12 
1/6/12,$26.91 ,986287,$27.20 ,$27.79 ,$26.41 
1/5/12,$27.12 ,1005432,$27.76 ,$27.93 ,$26.85 
1/4/12,$27.71 ,630036,$28.21 ,$28.67 ,$27.50 
1/3/12,$28.08 ,928052,$28.94 ,$29.50 ,$27.65 
12/30/11,$28.56 ,339660,$28.49 ,$28.98 ,$28.25 
12/29/11,$28.73 ,488150,$28.59 ,$29.34 ,$28.55 
12/28/11,$28.51 ,575138,$28.99 ,$29.24 ,$28.04 
12/27/11,$28.57 ,777403,$27.66 ,$28.77 ,$27.64 
12/23/11,$27.90 ,591390,$28 ,$28 ,$27.52 
12/22/11,$27.77 ,1009302,$27.60 ,$28.05 ,$27.30 
12/21/11,$27.57 ,1705407,$27.91 ,$28.07 ,$26.03 
12/20/11,$27.90 ,843281,$28.05 ,$28.45 ,$27.72 
12/19/11,$27.75 ,986952,$28.09 ,$28.50 ,$27.37 
12/16/11,$28 ,1029605,$28.79 ,$28.93 ,$27.98 
12/15/11,$28.62 ,700261,$28.67 ,$29.17 ,$28.12 
12/14/11,$28.53 ,1163840,$29.50 ,$29.68 ,$28 
12/13/11,$29.45 ,994015,$30.57 ,$30.93 ,$28.91 
12/12/11,$30.41 ,758657,$30.44 ,$30.62 ,$30.02 
12/9/11,$31.04 ,1239444,$30.54 ,$31.12 ,$30.28 
12/8/11,$30.89 ,3304884,$30.84 ,$31.65 ,$29.61 
12/7/11,$34.19 ,674244,$34.63 ,$34.89 ,$33.80 
12/6/11,$34.87 ,951710,$34.20 ,$34.98 ,$34.03 
12/5/11,$34.42 ,1160050,$33.53 ,$35 ,$33.43 
12/2/11,$33.30 ,802718,$32.83 ,$33.69 ,$32.40 
12/1/11,$32.60 ,1030108,$32.57 ,$33.99 ,$31.98 
11/30/11,$32.74 ,760265,$32.50 ,$32.93 ,$32.22 
11/29/11,$31.75 ,591054,$32.49 ,$33.07 ,$31.63 
11/28/11,$32.56 ,681124,$32 ,$33.28 ,$31.81 
11/25/11,$31.66 ,239595,$31.55 ,$32.41 ,$31.08 
11/23/11,$31.45 ,451713,$31.76 ,$32.05 ,$31.25 
11/22/11,$32.07 ,732518,$31.76 ,$32.79 ,$31.05 
11/21/11,$31.76 ,1031524,$32.44 ,$32.44 ,$31.05 
11/18/11,$32.60 ,902529,$33.64 ,$34.11 ,$32.54 
11/17/11,$33.68 ,1349265,$34.50 ,$34.90 ,$33.19 
11/16/11,$34.94 ,1832856,$33.48 ,$35 ,$33.40 
11/15/11,$33.93 ,890805,$32.92 ,$34.40 ,$32.73 
11/14/11,$33.22 ,1325656,$33 ,$33.54 ,$32.62 
11/11/11,$33.64 ,3868276,$31.90 ,$34.50 ,$30.57 
11/10/11,$31.33 ,747273,$30.94 ,$31.50 ,$30.65 
11/9/11,$30.88 ,953656,$30.87 ,$31.49 ,$30.30 
11/8/11,$31.84 ,1167830,$31.37 ,$32 ,$30.72 
11/7/11,$31.27 ,1265869,$31.64 ,$32 ,$30.75 
11/4/11,$32.31 ,3032857,$31.46 ,$32.40 ,$30.51 
11/3/11,$32.46 ,2509523,$30 ,$32.49 ,$29.53 
11/2/11,$28.71 ,874876,$29 ,$29.26 ,$28.25 
11/1/11,$28.88 ,635175,$28.39 ,$28.92 ,$28 
10/31/11,$29.37 ,1133969,$29.50 ,$29.51 ,$28.75 
10/28/11,$29.87 ,1263973,$28.50 ,$30 ,$28.01 
10/27/11,$28.76 ,869335,$28.34 ,$28.95 ,$28.11 
10/26/11,$27.98 ,510479,$28.19 ,$28.37 ,$27.40 
10/25/11,$28.25 ,654371,$28.23 ,$28.86 ,$27.80 
10/24/11,$28.55 ,940550,$27.87 ,$28.89 ,$27.75 
10/21/11,$28.03 ,1142550,$27.40 ,$28.30 ,$27.01 
10/20/11,$27.34 ,999647,$27.44 ,$27.47 ,$27 
10/19/11,$27.57 ,792850,$28.02 ,$28.06 ,$27.30 
10/18/11,$28.34 ,994690,$27.30 ,$28.43 ,$26.71 
10/17/11,$27.42 ,754439,$27.86 ,$28 ,$27.26 
10/14/11,$28.05 ,1400469,$28 ,$28.55 ,$27.26 
10/13/11,$27.94 ,1043413,$27.63 ,$28.47 ,$27.44 
10/12/11,$27.80 ,1123364,$27.25 ,$28 ,$27.20 
10/11/11,$27.61 ,575603,$27.51 ,$27.77 ,$27.09 
10/10/11,$27.88 ,923416,$27.31 ,$28.18 ,$27 
10/7/11,$26.99 ,1311548,$26.98 ,$27.60 ,$26.05 
10/6/11,$26.96 ,1769026,$25.37 ,$27.60 ,$25.02 
10/5/11,$25.37 ,1229068,$24.03 ,$25.84 ,$23.35 
10/4/11,$23.66 ,1200214,$23.29 ,$24.32 ,$22.93 
10/3/11,$23.73 ,1023130,$24.95 ,$25 ,$23.25 
9/30/11,$24.39 ,1336054,$24.80 ,$24.89 ,$23.49 
9/29/11,$24.12 ,929545,$25.72 ,$25.82 ,$23.55 
9/28/11,$24.59 ,723206,$26 ,$26.50 ,$24.51 
9/27/11,$26.19 ,674429,$26 ,$26.99 ,$25.57 
9/26/11,$25.52 ,934415,$26.52 ,$26.52 ,$24.90 
9/23/11,$26.38 ,1156328,$25.49 ,$26.62 ,$25.35 
9/22/11,$25.63 ,775802,$25.64 ,$26.11 ,$24.88 
9/21/11,$25.85 ,987577,$25.95 ,$26.95 ,$25.70 
9/20/11,$26.01 ,1180351,$25.98 ,$26.60 ,$25.67 
9/19/11,$25.77 ,1157349,$24.95 ,$25.81 ,$23.82 
9/16/11,$25.80 ,1400093,$24.78 ,$25.84 ,$24.49 
9/15/11,$24.82 ,562512,$24.58 ,$24.93 ,$24.33 
9/14/11,$24.34 ,830777,$24.25 ,$24.84 ,$23.79 
9/13/11,$24.08 ,726461,$23.01 ,$24.10 ,$22.75 
9/12/11,$22.88 ,566571,$22.50 ,$23.31 ,$22.45 
9/9/11,$22.97 ,669263,$23.37 ,$23.57 ,$22.55 
9/8/11,$23.61 ,505697,$23.58 ,$24.03 ,$23.28 
9/7/11,$23.84 ,459186,$23.39 ,$24 ,$23.28 
9/6/11,$22.94 ,809760,$22.50 ,$23.20 ,$22.29 
9/2/11,$23.07 ,769831,$23.66 ,$23.99 ,$22.68 
9/1/11,$24 ,848085,$24.66 ,$24.87 ,$23.84 
8/31/11,$24.74 ,823735,$24.80 ,$25.50 ,$24.28 
8/30/11,$24.63 ,366159,$24.50 ,$24.77 ,$24.09 
8/29/11,$24.71 ,803302,$24.22 ,$24.85 ,$24.02 
8/26/11,$23.73 ,761756,$22.71 ,$23.95 ,$22.07 
8/25/11,$23.11 ,679740,$23.87 ,$23.87 ,$22.90 
8/24/11,$23.87 ,684238,$23.10 ,$23.93 ,$22.83 
8/23/11,$22.96 ,868968,$21.93 ,$23.11 ,$21.50 
8/22/11,$21.95 ,986081,$23.11 ,$23.80 ,$21.68 
8/19/11,$22.30 ,1375077,$23.86 ,$24.22 ,$22 
8/18/11,$24.26 ,1056569,$25 ,$25.15 ,$23.47 
8/17/11,$25.83 ,640922,$26.39 ,$26.65 ,$25.51 
8/16/11,$26.10 ,537688,$26.13 ,$26.54 ,$25.83 
8/15/11,$26.23 ,738572,$26.62 ,$26.75 ,$25.93 
8/12/11,$26.31 ,1009020,$25.60 ,$27.14 ,$25.36 
8/11/11,$25.30 ,829884,$24.04 ,$25.75 ,$24 
8/10/11,$23.82 ,1564147,$25.44 ,$25.44 ,$23.63 
8/9/11,$25.06 ,1333382,$24.15 ,$25.45 ,$23.70 
8/8/11,$23.64 ,2608472,$23.10 ,$24.44 ,$23.10 
8/5/11,$24.24 ,1964376,$24.99 ,$25.38 ,$22.83 
8/4/11,$24.75 ,3064233,$26.51 ,$26.89 ,$24.67 
8/3/11,$27.20 ,1790210,$27.50 ,$27.83 ,$26.34 
8/2/11,$27.34 ,1549220,$28.69 ,$29.20 ,$27.27 
8/1/11,$28.77 ,1164822,$28.67 ,$28.98 ,$28.21 
7/29/11,$28.17 ,948127,$27.80 ,$28.40 ,$27.50 
7/28/11,$28.17 ,938629,$27.60 ,$28.55 ,$27.54 
7/27/11,$27.64 ,958403,$28.50 ,$28.50 ,$27.51 
7/26/11,$28 ,760532,$28.31 ,$28.77 ,$27.97 
7/25/11,$28.49 ,673291,$29.01 ,$29.25 ,$28.44 
7/22/11,$29.29 ,583468,$28.70 ,$29.54 ,$28.55 
7/21/11,$28.70 ,1011406,$28.91 ,$29.16 ,$28.10 
7/20/11,$28.69 ,3048294,$28 ,$30.44 ,$27.80 
7/19/11,$27.89 ,1026048,$27.58 ,$28.11 ,$27.54 
7/18/11,$27.23 ,851877,$27.34 ,$27.45 ,$26.63 
7/15/11,$27.58 ,708954,$27.79 ,$27.83 ,$27.40 
7/14/11,$27.61 ,1158931,$28.53 ,$28.96 ,$27.25 
7/13/11,$28.64 ,1065942,$28.43 ,$29.03 ,$27.90 
7/12/11,$28.17 ,1045306,$28.37 ,$29.09 ,$28 
7/11/11,$28.35 ,975703,$28.40 ,$28.53 ,$28 
7/8/11,$28.81 ,1240580,$29.89 ,$29.89 ,$28.59 
7/7/11,$29.73 ,1327821,$29.14 ,$30 ,$29.01 
7/6/11,$28.96 ,926889,$29.14 ,$29.14 ,$28.55 
7/5/11,$29.14 ,995989,$29.02 ,$29.52 ,$28.71 
7/1/11,$29.02 ,854839,$29.07 ,$29.60 ,$28.80 
6/30/11,$29.13 ,946434,$28.50 ,$29.33 ,$28.40 
6/29/11,$28.29 ,1459208,$28.50 ,$29.09 ,$28.07 
6/28/11,$28.11 ,889132,$27.79 ,$28.25 ,$27.67 
6/27/11,$27.46 ,1809367,$27.73 ,$28.28 ,$27.31 
6/24/11,$27.57 ,3608458,$27.64 ,$27.97 ,$27.26 
6/23/11,$27.71 ,1169990,$27.20 ,$27.72 ,$26.21 
6/22/11,$27.21 ,1475533,$27.37 ,$28.25 ,$27.10 
6/21/11,$27.53 ,1495963,$26.24 ,$27.73 ,$26 
6/20/11,$26.01 ,1537709,$26.29 ,$26.46 ,$25.50 
6/17/11,$26.50 ,1713665,$26.87 ,$27.70 ,$26.14 
6/16/11,$26.50 ,1842124,$27.67 ,$28 ,$25.74 
6/15/11,$27.32 ,1344678,$28.44 ,$28.45 ,$27.07 
6/14/11,$28.60 ,1573200,$28.54 ,$29.70 ,$28.52 
6/13/11,$28.43 ,1713392,$28.07 ,$28.88 ,$27.88 
6/10/11,$27.86 ,1566532,$27.52 ,$28.30 ,$27.35 
6/9/11,$27.62 ,1603120,$27.43 ,$28.10 ,$27.10 
6/8/11,$27.12 ,1695836,$28.44 ,$28.60 ,$27.02 
6/7/11,$28.37 ,1222099,$28.94 ,$29.39 ,$28.26 
6/6/11,$28.70 ,2330917,$30.10 ,$30.13 ,$28.26 
6/3/11,$30.13 ,6208734,$29.95 ,$31.50 ,$29.50 
6/2/11,$28.76 ,983391,$28.52 ,$29.32 ,$28.51 
6/1/11,$28.52 ,1529896,$30 ,$30.10 ,$28.38 
5/31/11,$30.14 ,3289111,$29.69 ,$30.28 ,$29.55 
5/27/11,$29.55 ,1687069,$29.54 ,$29.67 ,$28.82 
5/26/11,$29.48 ,3336891,$28.82 ,$29.76 ,$28.10 
5/25/11,$28.98 ,4691859,$26.90 ,$29.01 ,$26.17 
5/24/11,$26.72 ,613673,$27.02 ,$27.50 ,$26.60 
5/23/11,$26.82 ,863548,$27.62 ,$27.62 ,$26.62 
5/20/11,$27.97 ,842434,$28.26 ,$28.28 ,$27.35 
5/19/11,$28.20 ,2654467,$27.03 ,$28.44 ,$26.60 
5/18/11,$26.35 ,729407,$26.10 ,$26.47 ,$25.52 
5/17/11,$25.96 ,1234156,$27 ,$27 ,$25.72 
5/16/11,$26.60 ,755622,$27.99 ,$27.99 ,$26.55 
5/13/11,$27.55 ,661367,$28 ,$28.19 ,$27.30 
5/12/11,$27.67 ,627640,$27.07 ,$27.74 ,$26.65 
5/11/11,$27.07 ,961478,$28.20 ,$28.30 ,$26.92 
5/10/11,$28.33 ,1535218,$28.24 ,$28.95 ,$27.91 
5/9/11,$27.91 ,916303,$27 ,$28 ,$26.85 
5/6/11,$27.12 ,981606,$26.90 ,$27.70 ,$26.62 
5/5/11,$26.44 ,1218449,$27.20 ,$27.44 ,$26.17 
5/4/11,$26.69 ,1030850,$26.78 ,$27 ,$25.75 
5/3/11,$26.87 ,913865,$27.38 ,$27.39 ,$26.50 
5/2/11,$27.45 ,784560,$27.60 ,$27.80 ,$27.06 
4/29/11,$27.60 ,726240,$27.69 ,$27.87 ,$27.42 
4/28/11,$27.66 ,1644014,$27.07 ,$27.69 ,$26.72 
4/27/11,$27.08 ,996901,$26.93 ,$27.36 ,$26.63 
4/26/11,$26.93 ,1372343,$26.66 ,$27.25 ,$26.31 
4/25/11,$26.39 ,800839,$26.70 ,$26.73 ,$25.97 
4/21/11,$26.74 ,1384909,$25.85 ,$26.98 ,$25.59 
4/20/11,$25.75 ,837169,$25.70 ,$26.09 ,$25.30 
4/19/11,$25.16 ,548393,$25.26 ,$25.26 ,$24.65 
4/18/11,$25.03 ,1033871,$25.13 ,$25.62 ,$24.36 
4/15/11,$25.58 ,943451,$25.65 ,$26.18 ,$25.41 
4/14/11,$25.14 ,983382,$24.87 ,$25.28 ,$24.20 
4/13/11,$24.93 ,1211444,$25.13 ,$25.69 ,$24.81 
4/12/11,$24.65 ,1357401,$25.08 ,$25.21 ,$24.30 
4/11/11,$25.27 ,1369150,$26.47 ,$26.53 ,$25.02 
4/8/11,$26.49 ,1946252,$27.58 ,$27.60 ,$26.36 
4/7/11,$27.24 ,2809116,$26.85 ,$27.94 ,$26.45 
4/6/11,$26.49 ,1288297,$26.99 ,$27.01 ,$25.80 
4/5/11,$26.70 ,3180827,$25.90 ,$27 ,$25.69 
4/4/11,$25.83 ,2609227,$26.83 ,$27 ,$25.23 
4/1/11,$26.66 ,2864787,$27.45 ,$28.18 ,$26.57 
3/31/11,$27.75 ,11514590,$26.55 ,$28.71 ,$26.50 
3/30/11,$23.71 ,1223277,$24.11 ,$24.49 ,$23.01 
3/29/11,$23.92 ,755391,$23.30 ,$24 ,$23.21 
3/28/11,$23.25 ,1058018,$22.70 ,$23.54 ,$22.55 
3/25/11,$22.75 ,567922,$22.43 ,$23 ,$22.40 
3/24/11,$22.33 ,462160,$22.14 ,$22.38 ,$21.98 
3/23/11,$22.21 ,422793,$22.11 ,$22.27 ,$21.77 
3/22/11,$22.19 ,582813,$22.73 ,$22.86 ,$22 
3/21/11,$22.73 ,411650,$23.05 ,$23.05 ,$22.54 
3/18/11,$22.96 ,687823,$23.19 ,$23.19 ,$22.51 
3/17/11,$22.81 ,922504,$23.24 ,$23.43 ,$22.64 
3/16/11,$22.82 ,1158176,$22.86 ,$23.25 ,$22.69 
3/15/11,$22.95 ,1318756,$22.20 ,$22.96 ,$21.80 
3/14/11,$23.25 ,1165971,$23.82 ,$24 ,$23.20 
3/11/11,$24.07 ,930794,$23.85 ,$24.25 ,$23.53 
3/10/11,$24.01 ,1016947,$24.44 ,$24.49 ,$23.73 
3/9/11,$24.72 ,924721,$24.66 ,$24.99 ,$24.27 
3/8/11,$24.66 ,1399851,$24.60 ,$24.96 ,$24 
3/7/11,$24.94 ,2033431,$24.93 ,$25.40 ,$24.70 
3/4/11,$24.95 ,1580100,$24.48 ,$24.99 ,$23.78 
3/3/11,$24.36 ,640140,$24.48 ,$24.79 ,$24.06 
3/2/11,$24.02 ,663294,$23.82 ,$24.28 ,$23.73 
3/1/11,$23.94 ,1106350,$24.05 ,$24.32 ,$23.70 
2/28/11,$23.89 ,1051106,$23.74 ,$24.10 ,$23.50 
2/25/11,$23.61 ,1346257,$22.81 ,$23.85 ,$22.69 
2/24/11,$22.53 ,1055250,$21.78 ,$22.58 ,$21.50 
2/23/11,$21.83 ,1605508,$22.18 ,$22.50 ,$21.11 
2/22/11,$21.87 ,2064540,$22.88 ,$23 ,$21.78 
2/18/11,$23.18 ,2370620,$23.33 ,$23.49 ,$22.96 
2/17/11,$23.60 ,2618154,$24.63 ,$25.49 ,$23.55 
2/16/11,$24.73 ,4112906,$23.10 ,$24.97 ,$23.07 
2/15/11,$22.84 ,944870,$23.01 ,$23.17 ,$22.56 
2/14/11,$23.08 ,1283004,$23.64 ,$24.14 ,$23.05 
2/11/11,$23.25 ,634472,$23.25 ,$23.75 ,$22.94 
2/10/11,$23.22 ,836020,$23.26 ,$23.64 ,$22.81 
2/9/11,$23.21 ,2635562,$24.13 ,$24.18 ,$22.79 
2/8/11,$24.49 ,3504883,$23.78 ,$25.25 ,$23 
2/7/11,$23.07 ,895011,$23.26 ,$23.26 ,$22.88 
2/4/11,$23.46 ,543917,$23.44 ,$23.67 ,$23.22 
2/3/11,$23.63 ,509317,$23.82 ,$23.90 ,$23.15 
2/2/11,$23.94 ,569472,$24.16 ,$24.18 ,$23.67 
2/1/11,$23.91 ,707791,$24.31 ,$24.73 ,$23.54 
1/31/11,$24.10 ,830214,$24.05 ,$24.12 ,$23.50 
1/28/11,$24.01 ,1048311,$24.88 ,$24.88 ,$23.75 
1/27/11,$24.92 ,895655,$24.74 ,$25.08 ,$24.53 
1/26/11,$24.75 ,1079867,$24.71 ,$24.88 ,$24.10 
1/25/11,$24.68 ,1271457,$24.65 ,$24.89 ,$24.02 
1/24/11,$24.49 ,1644828,$23.53 ,$24.81 ,$23.23 
1/21/11,$23.04 ,1216671,$23.12 ,$23.59 ,$22.71 
1/20/11,$22.62 ,2279858,$24.03 ,$24.45 ,$22.37 
1/19/11,$24.03 ,2370414,$25.27 ,$25.47 ,$23.75 
1/18/11,$25.64 ,1620171,$25.48 ,$25.64 ,$24.75 
1/14/11,$25.75 ,1191921,$26.15 ,$26.58 ,$25.61 
1/13/11,$26.22 ,723422,$26.96 ,$26.97 ,$26.16 
1/12/11,$26.96 ,964322,$27.01 ,$27.40 ,$26.52 
1/11/11,$26.96 ,1704365,$28.59 ,$28.71 ,$26.92 
1/10/11,$28.45 ,1342612,$28.17 ,$28.68 ,$28.05 
1/7/11,$28.24 ,2247340,$28 ,$28.58 ,$27.90 
1/6/11,$27.88 ,2061117,$26.83 ,$28 ,$26.81 
1/5/11,$26.83 ,1446569,$26.48 ,$26.90 ,$26.19 
1/4/11,$26.67 ,1187371,$26.66 ,$26.95 ,$26.02 
1/3/11,$26.62 ,1282904,$26.84 ,$27.00 ,$25.90 
12/31/10,$26.63 ,1417687,$26.57 ,$27.25 ,$26.50 
12/30/10,$26.50 ,2040967,$27.70 ,$27.90 ,$26.38 
12/29/10,$27.73 ,3319130,$27.03 ,$28.01 ,$26.50 
12/28/10,$26.41 ,4055705,$25.85 ,$26.75 ,$25 
12/27/10,$25.55 ,9301329,$28.02 ,$28.58 ,$25.06 
12/23/10,$30.09 ,1552425,$31.26 ,$32.48 ,$29.92 
12/22/10,$32.63 ,833256,$32.25 ,$32.86 ,$31.70 
12/21/10,$32.26 ,777678,$31.80 ,$32.69 ,$31.71 
12/20/10,$31.70 ,523320,$31.64 ,$32.19 ,$31.26 
12/17/10,$31.36 ,811943,$31.34 ,$31.54 ,$30.71 
12/16/10,$30.81 ,789970,$30 ,$30.91 ,$29.65 
12/15/10,$29.60 ,742900,$28.67 ,$29.97 ,$28.53 
12/14/10,$28.53 ,1765385,$30.29 ,$30.39 ,$27.76 
12/13/10,$30.55 ,410331,$31.64 ,$31.77 ,$30.40 
12/10/10,$31.52 ,429381,$32.05 ,$32.92 ,$31.13 
12/9/10,$32.05 ,405983,$32.51 ,$32.72 ,$31.65 
12/8/10,$32.37 ,659980,$32.48 ,$32.49 ,$31.52 
12/7/10,$31.56 ,1310492,$30.49 ,$32.40 ,$30.05 
12/6/10,$30.31 ,1273875,$31.35 ,$31.45 ,$29.56 
12/3/10,$31.49 ,1160060,$32.01 ,$32.25 ,$30.87 
12/2/10,$32.35 ,2006827,$34.01 ,$34.30 ,$31.20 
12/1/10,$34.35 ,1298591,$35.87 ,$36.42 ,$33.45 
11/30/10,$35.33 ,2222558,$33.74 ,$35.33 ,$33.41 
11/29/10,$34.33 ,1145543,$35.41 ,$35.95 ,$33.33 
11/26/10,$35.32 ,350554,$35.60 ,$36 ,$34.75 
11/24/10,$35.47 ,1424959,$35.27 ,$35.97 ,$34.33 
11/23/10,$34.57 ,1577770,$33.29 ,$35.68 ,$32.19 
11/22/10,$33.40 ,1529522,$31.57 ,$33.45 ,$31.50 
11/19/10,$30.99 ,1150260,$30.16 ,$31.37 ,$29.70 
11/18/10,$29.89 ,956048,$30.67 ,$30.74 ,$28.92 
11/17/10,$29.49 ,749941,$30.20 ,$30.75 ,$28.61 
11/16/10,$29.67 ,1347531,$31 ,$31.40 ,$28.42 
11/15/10,$30.80 ,2622898,$30.22 ,$32.94 ,$30.22 
11/12/10,$29.84 ,2728160,$28.25 ,$30.50 ,$28.07 
11/11/10,$28.04 ,1944794,$28.60 ,$29.10 ,$27.33 
11/10/10,$29.36 ,3060252,$24.48 ,$29.97 ,$24.05 
11/9/10,$24.63 ,956249,$25 ,$25.69 ,$24.05 
11/8/10,$24.98 ,509375,$24.50 ,$25 ,$24.03 
11/5/10,$24.44 ,1010946,$24.87 ,$24.97 ,$23.72 
11/4/10,$24.90 ,1873358,$22.60 ,$25.33 ,$22.15 
11/3/10,$21.77 ,372599,$21.28 ,$22.50 ,$21.16 
11/2/10,$21.25 ,322465,$21.68 ,$21.88 ,$21.05 
11/1/10,$21.41 ,455284,$21.94 ,$22.75 ,$21.31 
10/29/10,$21.84 ,280532,$21.14 ,$21.85 ,$21.05 
10/28/10,$21.19 ,224190,$21.39 ,$21.50 ,$20.96 
10/27/10,$21 ,356500,$21.25 ,$21.38 ,$20.65 
10/26/10,$21.36 ,660841,$20.80 ,$21.87 ,$20.51 
10/25/10,$20.85 ,118414,$20.94 ,$20.98 ,$20.73 
10/22/10,$20.72 ,161021,$20.68 ,$20.93 ,$20.55 
10/21/10,$20.75 ,416599,$20.61 ,$20.95 ,$20.45 
10/20/10,$20.65 ,312444,$20.16 ,$20.69 ,$20.04 
10/19/10,$20.05 ,245127,$20.20 ,$20.41 ,$20 
10/18/10,$20.23 ,162729,$20.52 ,$20.64 ,$20.22 
10/15/10,$20.54 ,284645,$20.89 ,$20.90 ,$20.25 
10/14/10,$20.75 ,294620,$21 ,$21.03 ,$20.40 
10/13/10,$20.54 ,315259,$20.64 ,$20.85 ,$20.36 
10/12/10,$20.24 ,243912,$20.20 ,$20.28 ,$20.03 
10/11/10,$20.24 ,170994,$20.44 ,$20.70 ,$20.07 
10/8/10,$20.43 ,266399,$20.43 ,$20.79 ,$20.39 
10/7/10,$20.43 ,140920,$20.57 ,$20.64 ,$20.34 
10/6/10,$20.46 ,313357,$21.06 ,$21.26 ,$20.32 
10/5/10,$21.12 ,331936,$21.15 ,$21.28 ,$21.01 
10/4/10,$20.99 ,643599,$20.43 ,$21.17 ,$20.30 
10/1/10,$20.60 ,597641,$20.69 ,$20.75 ,$20.31 
9/30/10,$20.41 ,2077537,$22 ,$22.15 ,$20.19 
9/29/10,$21.98 ,1969097,$21.19 ,$22.03 ,$21.13 
9/28/10,$21.40 ,1214465,$21.04 ,$21.49 ,$20.76 
9/27/10,$20.53 ,416297,$20.40 ,$20.81 ,$20.05 
9/24/10,$20.10 ,578887,$19.95 ,$20.19 ,$19.65 
9/23/10,$19.56 ,668076,$19.89 ,$20.14 ,$19.50 
9/22/10,$19.87 ,962816,$20.87 ,$20.95 ,$19.80 
9/21/10,$20.77 ,796000,$20.89 ,$21.55 ,$20.67 
9/20/10,$21.06 ,947475,$20.67 ,$21.35 ,$20.16 
9/17/10,$20.23 ,1198458,$21.02 ,$21.32 ,$19.80 
9/16/10,$20.94 ,2684080,$22.15 ,$23.16 ,$20.84 
9/15/10,$21.98 ,684558,$20.98 ,$22 ,$20.79 
9/14/10,$21.12 ,654629,$20.54 ,$21.60 ,$20.53 
9/13/10,$20.72 ,360703,$20.89 ,$20.90 ,$20.50 
9/10/10,$20.17 ,386571,$20.75 ,$20.93 ,$19.76 
9/9/10,$20.71 ,376197,$21 ,$21.05 ,$20.69 
9/8/10,$20.90 ,288382,$20.66 ,$20.95 ,$20.60 
9/7/10,$20.54 ,243335,$20.61 ,$21 ,$20.50 
9/3/10,$21.05 ,434556,$20.87 ,$21.30 ,$20.66 
9/2/10,$21.06 ,487060,$20.37 ,$21.24 ,$20.31 
9/1/10,$20.45 ,494885,$19.62 ,$20.69 ,$19.60 
8/31/10,$19.48 ,201012,$19.66 ,$19.79 ,$19.33 
8/30/10,$19.87 ,732631,$19.70 ,$20.19 ,$19.61 
8/27/10,$19.70 ,379542,$19.75 ,$19.87 ,$19.50 
8/26/10,$19.75 ,433286,$19.89 ,$20.27 ,$19.60 
8/25/10,$19.90 ,503289,$19.16 ,$19.98 ,$18.56 
8/24/10,$19.20 ,672974,$19.25 ,$19.71 ,$18.95 
8/23/10,$20.13 ,1088029,$19.09 ,$20.39 ,$19 
8/20/10,$19.10 ,295599,$18.65 ,$19.11 ,$18.51 
8/19/10,$18.79 ,579082,$18.54 ,$19.25 ,$18.33 
8/18/10,$18.77 ,599732,$19.59 ,$19.59 ,$18.60 
8/17/10,$19.15 ,447881,$18.96 ,$19.40 ,$18.78 
8/16/10,$18.78 ,485711,$18.45 ,$18.80 ,$18.26 
8/13/10,$18.32 ,633871,$18.18 ,$18.45 ,$17.66 
8/12/10,$17.60 ,690241,$17.80 ,$17.90 ,$17.39 
8/11/10,$17.90 ,795712,$18.69 ,$18.88 ,$17.85 
8/10/10,$19.03 ,1281286,$19.65 ,$19.65 ,$18.82 
8/9/10,$19.60 ,812656,$19.90 ,$19.98 ,$19.45 
8/6/10,$19.59 ,741838,$20.10 ,$20.16 ,$19.52 
8/5/10,$20.45 ,796180,$21.54 ,$21.55 ,$20.05 
8/4/10,$21.26 ,912526,$21.95 ,$22.18 ,$20.85 
8/3/10,$21.95 ,1230349,$21 ,$21.95 ,$20.82 
8/2/10,$20.92 ,718245,$20.50 ,$20.97 ,$20.33 
7/30/10,$19.94 ,426830,$20.20 ,$20.44 ,$19.55 
7/29/10,$20.35 ,615910,$20.77 ,$20.88 ,$20 
7/28/10,$20.72 ,467183,$20.55 ,$20.90 ,$20.51 
7/27/10,$20.55 ,619675,$20.91 ,$21.18 ,$20.26 
7/26/10,$20.95 ,922178,$21.50 ,$21.50 ,$20.30 
7/23/10,$21.29 ,653549,$21.19 ,$21.56 ,$21.06 
7/22/10,$21 ,957271,$20.50 ,$21.25 ,$20.37 
7/21/10,$20.22 ,1251492,$20.66 ,$20.90 ,$19.50 
7/20/10,$20.30 ,1824154,$21.85 ,$21.85 ,$20.05 